mean[ 1  2  3  4  5  6  7  8  9 10]  cov[[5. 0. 0. 0. 0. 0. 0. 0. 0. 0.]
 [0. 5. 0. 0. 0. 0. 0. 0. 0. 0.]
 [0. 0. 5. 0. 0. 0. 0. 0. 0. 0.]
 [0. 0. 0. 5. 0. 0. 0. 0. 0. 0.]
 [0. 0. 0. 0. 5. 0. 0. 0. 0. 0.]
 [0. 0. 0. 0. 0. 5. 0. 0. 0. 0.]
 [0. 0. 0. 0. 0. 0. 5. 0. 0. 0.]
 [0. 0. 0. 0. 0. 0. 0. 5. 0. 0.]
 [0. 0. 0. 0. 0. 0. 0. 0. 5. 0.]
 [0. 0. 0. 0. 0. 0. 0. 0. 0. 5.]]   stdev[2.23606798 2.23606798 2.23606798 2.23606798 2.23606798 2.23606798
 2.23606798 2.23606798 2.23606798 2.23606798]lr0.5   iteration  30000