mean[1 2 3 4 5]  cov[[5. 0. 0. 0. 0.]
 [0. 5. 0. 0. 0.]
 [0. 0. 5. 0. 0.]
 [0. 0. 0. 5. 0.]
 [0. 0. 0. 0. 5.]]   stdev[2.23606798 2.23606798 2.23606798 2.23606798 2.23606798]lr0.5   iteration  30000 
KL elbo 
[ 3.61845598e+03  9.14566783e+02  8.10814346e+02  8.36576737e+02
  7.23956094e+02  3.97896021e+02  4.84865879e+02  3.52876744e+02
  3.35777795e+02  2.11956315e+02  2.32710256e+02  2.79580642e+02
  1.34798711e+02  1.64083424e+02  1.64871046e+02  1.44629984e+02
  9.28348052e+01  1.07992013e+02  9.07575750e+01  6.34537927e+01
  1.13319016e+02  7.88669141e+01  7.11178501e+01  5.66346954e+01
  5.80593130e+01  4.30472150e+01  4.62443283e+01  6.35944933e+01
  6.06764342e+01  6.32702179e+01  4.35933497e+01  4.52780700e+01
  4.34891205e+01  4.67717112e+01  3.47107436e+01  2.67627952e+01
  1.82768078e+01  1.78366265e+01  2.27234776e+01  2.22783328e+01
  1.46038740e+01  1.34701071e+01  1.77215100e+01  1.02223622e+01
  1.36321910e+01  1.51377459e+01  1.55773337e+01  1.48594277e+01
  9.01923198e+00  1.07467654e+01  5.96188692e+00  1.13185391e+01
  5.96300417e+00  7.43811486e+00  7.17299309e+00  5.89829996e+00
  5.77955681e+00  2.89229872e+00  1.11285620e+00  3.55840693e+00
  4.43214095e+00  4.17675913e+00  2.50482248e+00  1.71813045e+00
  5.69686716e+00  4.06347147e+00  3.13310545e+00  2.28236064e+00
  3.46862817e+00  9.16291470e-01  2.37170263e+00  3.61212087e-01
  5.12265735e-01 -1.23609185e-01  7.70118826e-01  4.20613269e-01
  7.07331813e-01  2.36141733e+00  2.08153456e+00  4.15658622e-01
  4.90810976e-02  3.60982351e-01  1.81780084e+00  1.00943251e+00
  1.66838417e+00  2.03011542e-01  2.18407649e+00  3.79879576e-01
  9.02656302e-01 -3.55634612e-02  2.63651595e-01  7.80365392e-01
 -7.48489283e-01  4.82545441e-01 -8.24345399e-01  5.44710017e-02
 -2.77412798e-01 -8.83482519e-01  1.26263079e+00  8.88291384e-01
 -7.30595529e-01 -9.67862413e-02  1.24633256e+00 -9.64252529e-02
 -2.44986977e-01  1.91055553e-01  3.37462668e-01 -6.03780734e-01
  5.65086918e-01  5.04352874e-01  6.60123309e-01 -1.67035840e-01
 -6.21362843e-02 -3.29787953e-02 -6.02561875e-02 -5.55483013e-01
  5.81385598e-01 -5.06006413e-01  1.29920475e+00  3.03151480e-01
  2.13504182e-01 -3.16812041e-01  1.63555292e-01  6.56032883e-02
  6.53017149e-02 -3.23377544e-01  6.97341834e-01  4.39458963e-01
 -1.09442878e-01  6.04405121e-01  7.52754655e-01 -1.89964887e-01
 -3.48004446e-01  3.91056891e-01  4.22269818e-01 -2.95404167e-01
 -1.79000375e-01  8.04509197e-02  2.47803321e-01  4.20810314e-02
  3.48944745e-01 -1.11118712e-01  8.78227867e-01 -3.58360025e-01
  7.87920498e-01  2.71071696e+00  7.62836424e-01  1.61440109e+00
  9.87752574e-01 -4.68729649e-01 -4.55024124e-01  2.85518762e-01
  2.36726468e-01 -3.55650153e-01 -9.17569620e-01  1.70549587e+00
  1.00026887e+00  1.79017679e-01  1.42279180e-01  4.51366057e-01
  1.83610386e+00  7.25014850e-01 -7.79915087e-02  1.15413287e+00
  1.42357425e+00 -6.55260134e-03  6.12401191e-01  2.12504109e-01
  1.27290768e+00  1.51520659e-01  9.51100940e-01  1.01820845e+00
  1.03198431e+00  1.09946927e+00  7.56704403e-01  6.91967847e-01
 -3.11384419e-01  1.04812483e+00  5.54133307e-01  2.57031321e-01
  8.57250701e-01  9.99177903e-01  6.02151130e-01  5.45259511e-01
  1.13956598e+00  7.23475510e-01  6.24343899e-01 -4.73205120e-01
 -1.30497573e+00 -2.65087821e-01  1.54596113e+00  4.03953345e-01
  7.42959627e-01  3.45470969e-01 -2.27983986e-01  1.59142176e-01
  6.37836660e-01 -2.17570920e-02  1.54492987e+00  3.67864962e-01
 -4.56221120e-01 -6.74596328e-01  8.22813422e-01  3.21546696e-01
 -1.70780101e-01  5.19853416e-01  1.49244859e+00  8.62088046e-01
  5.75660027e-04  2.22377945e+00  1.33654135e+00  4.72939058e-01
  6.59433499e-01  8.92783034e-01  3.24515474e-01  4.71862763e-01
  7.73856974e-01 -2.51135844e-01  1.11128926e-02  2.15972041e-02
  6.99867446e-01  8.01277121e-01  7.08659956e-01  1.79116948e+00
  5.36975950e-01 -1.73691527e-01  1.04553232e-02  3.47471903e-01
 -3.97347207e-01  3.97062689e-01  8.74573906e-01  1.79106498e-02
  4.28368733e-01  2.02205913e+00  1.31653046e+00  2.47803147e-01
  1.59208426e+00  4.14985399e-01  5.25928983e-01  7.52364293e-01
  4.76573532e-01  8.79296747e-01  1.11677823e+00  6.61942426e-01
  4.78459660e-01  7.55527704e-01 -3.11131650e-01  4.29847578e-01
  1.18220649e+00  6.85788488e-01 -7.02672968e-01 -5.35354248e-01
 -6.29342776e-01 -4.38243909e-02 -4.22944627e-01  1.84935978e-01
  1.05989285e+00  6.75509541e-01  1.46414734e+00  4.77341485e-01
  1.02412677e+00  3.55777376e-01  1.48540041e+00  4.17607934e-01
  8.18734914e-01  5.61843618e-01  9.48317191e-01 -1.64257072e-01
 -4.68058064e-01 -4.44847452e-02  5.85828342e-01 -5.71351388e-01
  2.07255069e+00  9.13027960e-01  7.81539201e-01 -3.94575900e-01
  3.68582921e-01  1.77342215e-01  4.53176340e-02  1.48729073e+00
  8.56530316e-01  7.94677912e-01  9.06475179e-01  6.13546765e-01
  1.33666251e+00  8.91544971e-01  1.84770641e+00  8.38508468e-01
 -3.35867970e-01  2.06151328e-01  6.33001084e-01  1.17618522e+00
  8.98689654e-01 -8.41294220e-01  2.39114292e-01 -3.39258099e-02
 -5.33267160e-02  5.96245597e-01  2.19798338e+00  7.84016102e-01
  1.11318131e+00  1.02050156e+00  1.31898307e-01 -8.97147123e-01
  2.78730298e-01  1.38785541e+00  3.31049074e-01 -2.13061168e-01
  1.99617214e+00  9.42662158e-01  2.16345658e-02 -3.15976621e-01
  7.34413485e-02  5.10585505e-01  2.22587376e-01  4.89170788e-01
 -4.09691680e-01  7.45555960e-01  1.76093378e+00  8.42486119e-01
  5.09585628e-02  1.13794991e+00  9.53874084e-02 -2.68175097e-01
 -6.71270762e-01  1.13052489e+00  2.88768154e-01 -5.86102142e-01
  7.14806716e-01  1.33513871e+00  5.98900214e-01  1.82760819e-01
  7.92936021e-02  4.70544811e-01 -3.74368556e-02 -1.73932789e-01
  2.19127535e+00  2.01212291e+00  8.09614329e-01  2.89893288e-01
  5.78365559e-01  1.57825507e+00  1.45000641e+00  4.09906923e-01
  3.99281628e-01  6.36489563e-01  1.26895555e+00  1.20345787e+00
  1.11167864e+00  1.21575840e-01  7.30631747e-02  5.89737897e-02
  2.94701830e-02  6.27714493e-01 -1.44248367e-03  7.74373440e-01
  1.27163099e+00  7.60295202e-01 -3.56611181e-01 -7.17166068e-01
  1.49038153e+00  8.90597091e-01  6.43413634e-01 -7.77297809e-02
  5.72633848e-01  3.37646013e-01  2.92176861e-01 -3.55490529e-01
 -5.86339394e-01  6.32091819e-01  1.64496937e+00  3.38194909e+00
  1.10552997e+00  7.28581841e-01  1.42001614e-01 -9.43341593e-02
 -2.22555931e-01 -7.18706517e-01  2.33819391e-01  1.73804022e+00
  1.42906681e-01  9.09110351e-02  8.48306898e-01  6.23095869e-01
  4.64270812e-01  5.14410014e-02 -1.20009810e-01  3.75490679e-01
  1.66675072e-01  1.01380668e+00 -1.02252044e-01  1.21244711e+00
  1.31074742e+00 -1.16457508e-01  8.93141720e-02  8.24349861e-01
  1.13890093e+00  1.24896940e-01  1.15093286e+00  8.94269556e-01
  1.31319089e+00] 
RGE elbo 
[ 6.30418653e+03  1.17066463e+03  1.22541001e+03  8.89992637e+02
  5.79331208e+02  4.23824821e+02  4.60522911e+02  3.45064770e+02
  2.53990939e+02  1.73798152e+02  1.91140529e+02  2.50711262e+02
  1.37511973e+02  2.44682878e+02  9.06685599e+01  1.66130000e+02
  1.60518492e+02  1.04476144e+02  1.10775517e+02  1.02969696e+02
  7.22666450e+01  1.11040443e+02  7.63345341e+01  6.06032199e+01
  1.18665225e+02  6.58746634e+01  6.01119681e+01  4.54009257e+01
  5.69523602e+01  2.61220057e+01  5.01065660e+01  3.81134809e+01
  3.97978792e+01  2.28437443e+01  3.43002787e+01  2.42580955e+01
  1.86313550e+01  2.48907826e+01  2.94271456e+01  1.61946865e+01
  2.87164853e+01  1.50842312e+01  1.55702483e+01  1.22538651e+01
  1.78642645e+01  1.31833079e+01  1.10273946e+01  1.11977055e+01
  1.61367606e+01  1.25598484e+01  4.00806311e+00  1.10657887e+01
  1.02051566e+01  9.52948879e+00  4.80130362e+00  5.76158472e+00
  4.34244820e+00  5.24871912e+00  5.50877053e+00  5.56589208e+00
  3.04565292e+00  4.71225824e+00  3.13676075e+00  3.09531511e+00
  3.02477945e+00  2.89711177e+00  1.27848334e+00  1.89239960e+00
  1.30778735e+00  1.28007150e+00  2.41096732e+00  2.02041220e+00
  1.36904379e+00  3.59765539e-01  9.57385902e-01  9.27683607e-01
  9.20208819e-01  1.32543640e+00 -2.46771682e-02  8.46408638e-01
  4.35489187e-01  2.75774012e-01  9.10204647e-01  4.80948626e-01
  1.27362264e-01  1.01077738e+00  1.39851853e-01  6.76720815e-02
  1.89322974e-01 -1.63338457e-01  9.26210879e-02  2.83983481e-02
 -4.82025288e-02  1.89095053e-01  8.63383261e-02  6.57139052e-02
  1.66682415e-01  1.75572710e-01  1.20195770e-01  1.00009059e-01
  8.49221726e-02  1.41852405e-02 -9.02120550e-02 -9.73685157e-02
  1.32445271e-01 -3.16238683e-02 -4.42814043e-02 -3.83088754e-02
 -3.08519358e-02  1.41174596e-01 -3.21747605e-02  1.47947688e-01
 -1.08977823e-01  5.39381690e-02 -3.27684420e-02 -6.54415073e-02
  4.76544719e-02  4.17261029e-02 -1.15960929e-01 -6.93558183e-02
  4.98624858e-02  1.60421549e-01  8.78918973e-02 -4.13140327e-02
  1.03047295e-01  7.18323900e-02  2.21848670e-02  3.49245155e-02
 -5.81139800e-02  3.85554046e-02  4.48432456e-02  1.09793579e-01
 -2.83381450e-02  3.09896404e-02 -1.56309962e-02  6.03487361e-02
 -1.41607510e-02  7.38503190e-03 -1.02481625e-01  6.01929565e-02
 -2.29010334e-03  1.15829770e-01 -2.91312885e-02  1.18592424e-01
  6.74921378e-02 -4.56929142e-02  5.19042345e-02  1.42441908e-01
  1.22804223e-01  3.59694790e-04  5.12388497e-02  3.14891847e-02
 -1.01858595e-02  2.36386529e-02  1.09035121e-02 -7.54223065e-02
  2.03902319e-04 -1.65262233e-01 -9.94930106e-03  3.23088919e-02
 -8.64404244e-03 -8.94785865e-02 -2.87158985e-03  7.09963735e-02
  7.53582008e-02  1.35810304e-01  8.26839070e-02 -6.52515510e-02
  1.28803762e-01  1.63072911e-01 -5.15345402e-02  1.16556033e-01
 -3.68406058e-02  1.67486165e-01  4.16249231e-02  4.68613612e-02
  1.53022392e-01  5.65762074e-02  3.13558999e-02  1.44390726e-02
  1.79434985e-01  2.03976840e-01  1.26265280e-01  1.12256102e+00
  3.41330353e+00  7.37428317e-01  6.81795351e-01  6.49145822e-01
  4.02583507e-01  2.37595204e-01  3.85690539e-01  9.35980690e-02
  1.88166005e-01  1.24105215e-01 -1.95677273e-01 -8.46853670e-04
 -1.21041712e-02  1.21904866e-01  2.41488411e-01  2.65431494e-01
  1.24596066e-01  3.05495463e-01  5.46956228e-02  3.69304168e-01
  2.96805759e-01  7.41410829e-03  1.03329882e-01 -2.68586298e-01
  4.04370656e-01  8.29467387e-02 -1.55253245e-01  1.00809120e-01
  1.44425397e-01  3.16390763e-01  2.66289771e-01  2.43665811e-01
  3.31360809e-02 -4.61613504e-02  4.95043117e-01  8.24621884e-02
  2.32694642e-01  4.61973130e-01 -2.25301141e-02  1.94194252e-01
  7.38082150e-02  1.55956608e-01  1.27255228e-01  4.71913975e-01
  1.69409337e-01  4.07092615e-01 -4.75055121e-02 -4.98389922e-02
 -6.81140048e-02  7.71655629e-02  8.43506249e-01  8.16950009e-01
  2.06285020e-01  2.62269585e-01  1.20734253e-01  5.21539582e-01
  4.77461697e-01  3.03454786e-01  2.43143748e-01  5.32869296e-01
  2.45279442e-02  9.68914970e-02  2.02466218e-01 -3.15593528e-01
  1.05117072e-01]