mean[ 1  2  3  4  5  6  7  8  9 10 11 12 13 14 15 16 17 18 19 20 21 22 23 24
 25 26 27 28 29 30 31 32 33 34 35 36 37 38 39 40 41 42 43 44 45 46 47 48
 49 50]  cov[[ 52.52674751   0.           0.         ...   0.           0.
    0.        ]
 [  0.         460.91634399  30.8061939  ...   0.           0.
    0.        ]
 [  0.          30.8061939  499.5103177  ...   0.           0.
    0.        ]
 ...
 [  0.           0.           0.         ... 561.03354368   0.
    0.        ]
 [  0.           0.           0.         ...   0.         282.25725633
   -7.01556412]
 [  0.           0.           0.         ...   0.          -7.01556412
  227.97145477]]   stdev[ 7.24753389 21.23057101 22.05071405 18.06846052 19.92212371 10.87233595
 12.86870193 10.28437135 11.2737218  14.0770946  17.36397033 16.03802092
 18.86476782 27.6208002  27.99361471 26.14010925 28.27498629 26.42081828
 29.33728857 27.83516276 26.56085906 12.63356681 15.97303139 20.4765935
 22.04092761 19.40620116 17.67709244 15.36206337 18.50703444 18.39017428
 15.36303951 15.84899408  3.56689252 21.94826711 21.53986801 17.99367602
 20.20532646 17.93372398 21.2042831  19.32727636 22.12460546 11.71149789
 16.3798508  23.76458802 21.83757498 22.19278126 19.74698284 23.48313967
 16.79408706 15.09294807]lr0.5   iteration  30000