mean[  1   2   3   4   5   6   7   8   9  10  11  12  13  14  15  16  17  18
  19  20  21  22  23  24  25  26  27  28  29  30  31  32  33  34  35  36
  37  38  39  40  41  42  43  44  45  46  47  48  49  50  51  52  53  54
  55  56  57  58  59  60  61  62  63  64  65  66  67  68  69  70  71  72
  73  74  75  76  77  78  79  80  81  82  83  84  85  86  87  88  89  90
  91  92  93  94  95  96  97  98  99 100 101 102 103 104 105 106 107 108
 109 110 111 112 113 114 115 116 117 118 119 120 121 122 123 124 125 126
 127 128 129 130 131 132 133 134 135 136 137 138 139 140 141 142 143 144
 145 146 147 148 149 150 151 152 153 154 155 156 157 158 159 160 161 162
 163 164 165 166 167 168 169 170 171 172 173 174 175 176 177 178 179 180
 181 182 183 184 185 186 187 188 189 190 191 192 193 194 195 196 197 198
 199 200 201 202 203 204 205 206 207 208 209 210 211 212 213 214 215 216
 217 218 219 220 221 222 223 224 225 226 227 228 229 230 231 232 233 234
 235 236 237 238 239 240 241 242 243 244 245 246 247 248 249 250 251 252
 253 254 255 256 257 258 259 260 261 262 263 264 265 266 267 268 269 270
 271 272 273 274 275 276 277 278 279 280 281 282 283 284 285 286 287 288
 289 290 291 292 293 294 295 296 297 298 299 300 301 302 303 304 305 306
 307 308 309 310 311 312 313 314 315 316 317 318 319 320 321 322 323 324
 325 326 327 328 329 330 331 332 333 334 335 336 337 338 339 340 341 342
 343 344 345 346 347 348 349 350 351 352 353 354 355 356 357 358 359 360
 361 362 363 364 365 366 367 368 369 370 371 372 373 374 375 376 377 378
 379 380 381 382 383 384 385 386 387 388 389 390 391 392 393 394 395 396
 397 398 399 400 401 402 403 404 405 406 407 408 409 410 411 412 413 414
 415 416 417 418 419 420 421 422 423 424 425 426 427 428 429 430 431 432
 433 434 435 436 437 438 439 440 441 442 443 444 445 446 447 448 449 450
 451 452 453 454 455 456 457 458 459 460 461 462 463 464 465 466 467 468
 469 470 471 472 473 474 475 476 477 478 479 480 481 482 483 484 485 486
 487 488 489 490 491 492 493 494 495 496 497 498 499 500]  cov[[557.1317448   -9.28067195  37.99951402 ...   0.           0.
    0.        ]
 [ -9.28067195 452.53840727 -72.42835772 ...   0.           0.
    0.        ]
 [ 37.99951402 -72.42835772 429.79694897 ...   0.           0.
    0.        ]
 ...
 [  0.           0.           0.         ... 205.92784826  29.27361549
  -84.7968143 ]
 [  0.           0.           0.         ...  29.27361549 262.66291846
   37.81120889]
 [  0.           0.           0.         ... -84.7968143   37.81120889
  326.08750679]]   stdev[23.50037882 20.72483863 20.19465847 21.77802483 22.69506503 13.94760234
 11.91300777 24.42796482 25.45832942 26.02848785 25.11265412 23.49605041
 23.56639847 22.31270899 24.79781081 25.0238218  24.18167659 22.75256813
 24.38812122 11.24467921 14.7751614   7.85104835 10.81083477 16.19886475
 16.98983591 18.889719   17.14524095 10.22699514 14.88539095 16.87301811
 14.24142147 10.46984799 15.8905903  21.19071448 19.221071   20.94584936
 21.04723567 25.95734221 23.49194491 25.94656208 24.51489206 23.962346
 24.60047737 15.19386542 16.22571251 18.97362236 23.59797056 24.11295363
 20.9192446  21.29554954 23.81517978 14.62045124 19.26655426 14.64713192
 28.35671799 26.73915841 29.17586882 28.45043068 27.11922834 29.52133076
 27.94473505 29.5269908  29.10329246 28.19043315 30.37471195 30.05957967
 31.20931613 28.99549557 29.36038238 30.26259776 30.57028668 13.65775326
 12.50959557 13.34547627 13.60232001 15.33331267 16.05484483 15.3053609
 11.8698668  11.39264447  9.12236103 15.43892546 11.17121569 13.1036149
 27.65516197 25.12898428 26.57265991 25.49424653 26.7730378  26.24903169
 25.23669629 15.80742219 14.21983884 11.93324609 12.55553763 12.95135986
 10.88092824 11.29959207 13.06479846 16.96206419 11.94317321 28.02248838
 25.46691024 27.27234008 27.34871859 26.04834581 24.56028847 27.15795362
 24.61010181 25.5197611  26.15791773 24.35382382 22.30101988 23.57044469
 15.10603276  9.8808199   5.16418694 19.95854577 19.10324811 18.90116114
 20.26896059 22.99462545 20.44261816 22.08768671 24.08287122 20.28438193
 16.82623757 11.74318888 10.02133293 23.32189419 24.49957386 22.46486556
 26.26946149 22.74041726 22.61821754  8.09192926 13.98574209  9.43234056
 10.79237779 15.01822061 13.8895443   6.28646863 26.62612708 25.87548328
 27.91032615 27.98421185 26.88468048 27.9237273  25.17996634 14.20349859
 15.20659723 20.12872888 19.57037263 20.94388881 21.30130844 19.52846594
 23.32745855 22.82163498 21.48443505 20.92002719 20.04337618 22.22179325
 20.0957696  21.18071873 22.39759682 17.36105744 15.48244615 17.14475974
 17.3134156  15.50980491 18.62489101 14.41466649  9.96760777 16.40545916
 14.79230715 18.48573103 25.81906838 26.25369285 25.60631055 26.42740551
 24.86619531 26.09878697 25.88304101 23.86463459 23.80943141 23.11598427
 22.58176415 23.02434896 26.09258442 14.70170742 14.80250067 13.95489981
 15.69357386 14.38049666 24.11419335 23.29006586 20.06899295 20.76732318
 23.26883644 14.18845755 19.44460451 18.63977069 10.6830517  25.21404243
 25.60249836 23.63408957 22.12606807 24.26578633 23.91299309 12.4207564
 14.60358121 18.28936967 18.64982971 17.02349447 11.27208027 15.30991348
 19.32516221 15.94932538 14.10186581 19.45356765 15.20358805 16.73063836
 15.95155117 15.94069608 13.86391118 16.37221989 14.74006056 10.61401281
 24.47129528 24.14873253 26.79430496 26.63789605 27.12080433 26.18120481
 24.4717523  16.33751321 17.77887898 16.62941955  3.04117661 10.47061227
  9.17665508 23.52904974 23.07192864 19.85363951 21.26041062 20.16886177
 14.89051984 17.09843146 10.42155505 14.43154393 14.69694648 16.55141826
 18.82118234 17.11286135 15.6735334  15.61574134 15.77952313 19.37647756
  5.29728406 21.85774184 22.32911317 23.83151026 23.8402332  22.97237097
 15.01244319 16.86082762 20.54066894 23.43419902 22.07209043 23.45816032
 21.60906693 11.37720707 12.3048369  12.8388599  11.54464629 13.19363391
 13.40464409 11.05714264 12.91797873  9.81862659 14.7335281  12.72946632
 13.55748951 17.87563307 20.49913336 19.93301537 19.19397786 17.5776097
 14.10478227 19.56234062 16.4051045  12.2812424  14.7704846  15.59552206
 20.11570667 21.89948471 21.04170051 20.3421072  21.32516435 11.14511479
 14.91406987 14.76494236 17.09756008 14.9204338  16.71343442 14.38271569
 18.57132419 18.36921517 14.90643363 12.34102622 11.08611632 15.65174726
 16.2464563  14.26251392 21.85497861 20.26851167 24.02911715 22.61585352
 22.2348813  11.66277452 21.34207494 20.12367156 21.94015572 17.28272791
 11.94860098 14.81788106 26.62481622 27.47047444 27.83591116 28.43084149
 26.98517877 29.13416782 29.49524161 28.33255121 14.17113379 12.31077393
 17.96165429 19.96026207 19.21835738 19.9858437  21.52967417 21.09519774
 19.13813425 19.39575275 21.68483748 21.3058561  21.27235191 20.29736441
 23.3000959  20.43525556 19.20412102 22.17584964 17.4618146  13.59494198
 20.88796273 20.93722736 18.9976229  17.94367833  1.98440504 10.6545548
 13.05824635 15.25428102 13.47053    17.95186242 16.56165673 14.48918122
 20.6574022  21.31967029 20.20443301 21.79865115 21.32562994 16.06442084
 15.88577234 23.77241163 23.20518057 25.81518659 25.10078804 22.83957975
 26.22865796 21.76200469 23.26493154 20.98503392 23.87853145 23.61026618
 25.21812904 27.55170024 27.18884397 27.45307017 23.99858499 25.68148334
 25.19218356  8.6139318  12.41630681 13.11912637 11.51570911 16.14458035
 18.87880086 18.19758177 14.65654982 21.73177343 22.38982336 22.19292587
 20.04283458 19.87309699 23.74487553 22.96633866 20.98778655 23.47564288
 20.96282192 15.79375007 11.79080655  9.42670326 13.9027943  15.57390748
 19.94957582 15.90365629 18.16548483 12.029202   19.93046391 17.29418708
 15.76880152 13.47061272 17.17969363 16.28127601 14.80862334 12.79841851
 11.386574   19.55950715 20.30614317 19.85666024 21.66255827 10.38925122
 10.09842288 10.48876728 10.28806339  7.1933836  18.63734664 15.25075809
 15.30174066 23.77532826 24.86878857 22.73824514 24.90132855 25.53312504
 24.60632533 10.99274478 12.63070391 12.1448951  14.98347578 18.05267372
 18.68535743 20.33192199 17.60881533 19.88336271 20.15095943 13.34430683
 13.72478109 17.60828367 14.73420491 15.17565289 10.29880407 16.68477672
 25.82070874 23.51625329 24.78930848 23.36132123 22.282863   24.92542963
 12.93694694 14.31464408 14.0167714  20.51088847 17.51259914 19.3778878
 17.98366535 16.60479684 17.28178603 14.71990818 18.84726412 19.34696904
 16.46006141 15.23334277 18.68222638 13.69599528 13.82251305 10.60817957
 18.49085679 15.15404351 15.82172612 25.83450873 23.05845145 23.55497031
 23.66177224 26.16587054 24.17389205 11.13533951 14.36681945 13.34001218
 15.81017469 16.77947514]lr0.5   iteration  30000