mean[  1   2   3   4   5   6   7   8   9  10  11  12  13  14  15  16  17  18
  19  20  21  22  23  24  25  26  27  28  29  30  31  32  33  34  35  36
  37  38  39  40  41  42  43  44  45  46  47  48  49  50  51  52  53  54
  55  56  57  58  59  60  61  62  63  64  65  66  67  68  69  70  71  72
  73  74  75  76  77  78  79  80  81  82  83  84  85  86  87  88  89  90
  91  92  93  94  95  96  97  98  99 100 101 102 103 104 105 106 107 108
 109 110 111 112 113 114 115 116 117 118 119 120 121 122 123 124 125 126
 127 128 129 130 131 132 133 134 135 136 137 138 139 140 141 142 143 144
 145 146 147 148 149 150 151 152 153 154 155 156 157 158 159 160 161 162
 163 164 165 166 167 168 169 170 171 172 173 174 175 176 177 178 179 180
 181 182 183 184 185 186 187 188 189 190 191 192 193 194 195 196 197 198
 199 200]  cov[[59439.30412539  4434.60019279   837.99758283 ...     0.
      0.             0.        ]
 [ 4434.60019279 48599.43733771  -508.90109602 ...     0.
      0.             0.        ]
 [  837.99758283  -508.90109602 43657.35503647 ...     0.
      0.             0.        ]
 ...
 [    0.             0.             0.         ... 36816.04400457
   -407.84741251     0.        ]
 [    0.             0.             0.         ...  -407.84741251
  37584.19541983     0.        ]
 [    0.             0.             0.         ...     0.
      0.          8751.68599589]]   stdev[240.6991461  216.60730874 201.02064746 200.55491478 190.59808886
 168.6461278  171.68770447 178.20161688 221.41323569 215.27753258
 189.05058988 214.05213949 148.38494584 175.21552128 199.67895293
 180.20450943 185.72116749 155.46316267 180.38983322 175.43620799
 157.74396351 179.4092106  180.05531679 197.29138037 140.77176121
 149.71350674 157.06958451 182.16976693 127.90815283 239.62999543
 227.03453364 227.19077846 236.24322898 232.82661518 196.22281464
 186.27616543 171.54501524 142.50641151 149.70832335 190.30561756
 108.54392817 126.12658134  21.59056994 228.88333626 227.51100007
 234.41465278 241.48513429 203.44688918  65.20217271 270.82808974
 285.80106341 279.01778504 287.70471266 284.21632509 279.51392065
 290.47824839 287.86504785 131.57907424 153.44098874 156.70089543
 124.42305403 145.03261224 171.03295003 137.75830561 220.10960868
 219.90596139 204.62367444 203.95941195 224.92486831 154.25081251
 152.44834101 138.88578336 300.83460509 286.14315367 292.37409887
 292.12211027 289.53076984 297.68952202 297.5309163  291.78018718
 308.68993097 131.33326233 121.5866036  115.75862813 114.10988328
 162.00405894 123.69970203  72.19842183 178.80787547 136.78259092
 161.584206   242.26035611 259.06035961 236.39039598 230.97829664
 250.07966737 256.18235076 155.29653916 153.32763509 151.75598536
  67.90941998 170.12523775 139.1044126  126.85296053 123.77201228
 210.00857611 242.18377412 232.37024297 211.56836461 231.12588501
 121.10499301 163.32323064 170.12914851 214.63393831 218.43796102
 191.53080276 208.28170302 161.35826921 144.88740089 314.05310273
 303.92189422 315.77478728 323.70093997 315.03555238 300.88301039
 299.31064718 328.84614207 325.9539039  304.7932915  144.21099595
 141.85844808 186.12107326 176.8927116  163.01666018 160.76191561
 168.92218605 154.42444606 174.80125876 179.83050647 149.77956065
 224.39990379 235.48506692 242.1339572  214.28780995 197.69823747
 109.82862951 128.523016   130.88807836 159.41974391 133.07254513
 187.28860547 179.0734361  154.77971128 105.02037998 120.16365351
 106.27367227 136.75567806 190.06497623 214.23050546 163.64581274
 216.07601557 130.12349987 101.11744802 126.45077878 132.33927301
 136.11240218 236.76032228 232.54310101 223.30501542 240.92916867
 223.62206898 165.89072372 140.72707892 150.26802991 130.84657048
 199.33254687 198.97866513 205.32559825 235.31989263 212.90978015
 114.73304707 141.55407184 172.63132475 115.58887004 196.52633636
 184.7022046  174.39672657 302.23919531 310.99367265 293.73275088
 309.29828782 293.91728134 286.60361532 282.31817412 283.95571446
 303.07791806 162.49030872 189.98821638 189.68132555  93.55044626]lr0.5   iteration  30000