mean[  1   2   3   4   5   6   7   8   9  10  11  12  13  14  15  16  17  18
  19  20  21  22  23  24  25  26  27  28  29  30  31  32  33  34  35  36
  37  38  39  40  41  42  43  44  45  46  47  48  49  50  51  52  53  54
  55  56  57  58  59  60  61  62  63  64  65  66  67  68  69  70  71  72
  73  74  75  76  77  78  79  80  81  82  83  84  85  86  87  88  89  90
  91  92  93  94  95  96  97  98  99 100 101 102 103 104 105 106 107 108
 109 110 111 112 113 114 115 116 117 118 119 120 121 122 123 124 125 126
 127 128 129 130 131 132 133 134 135 136 137 138 139 140 141 142 143 144
 145 146 147 148 149 150 151 152 153 154 155 156 157 158 159 160 161 162
 163 164 165 166 167 168 169 170 171 172 173 174 175 176 177 178 179 180
 181 182 183 184 185 186 187 188 189 190 191 192 193 194 195 196 197 198
 199 200]  cov[[12335.04955857     0.             0.         ...     0.
      0.             0.        ]
 [    0.         16220.1297579   5042.44474883 ...     0.
      0.             0.        ]
 [    0.          5042.44474883 24291.59822856 ...     0.
      0.             0.        ]
 ...
 [    0.             0.             0.         ... 79328.50460488
   6228.46735141 -1702.57021833]
 [    0.             0.             0.         ...  6228.46735141
  64166.76787844  -260.50585511]
 [    0.             0.             0.         ... -1702.57021833
   -260.50585511 63433.3780362 ]]   stdev[111.06326827 123.1804374  150.7448988   65.24141079 192.30777359
 213.41035184 204.92511382 172.19053432  94.34433816 124.27966408
 131.34699464 167.79721491 144.62767733 112.8031799  160.55076767
 146.15967446 196.42867171 175.60287643 158.26599837 265.35597324
 286.88742672 296.99639348 272.44285275 290.37512465 279.24025977
 280.06405618 282.32399212 127.31651299 143.38547549 160.81299345
 231.60558425 208.38252862 211.33379394 228.7826561  198.9133321
 157.30591853 159.14188451 147.8777005  101.19955644 169.04862523
 148.55643189 123.3776009  237.33309834 232.99530396 223.29715673
 236.03450786 231.96094857 108.85241051 161.08531583 206.58678022
 221.75746033 201.82318444 205.93437632 133.42337675 152.71777403
  38.74492857 165.58870525 137.20077515 109.68151081 126.35186507
 128.72767566 130.43548464 224.27198382 213.27593109 237.96436339
 235.98356061 233.98096439 128.23454734 169.06125075 169.63477127
 143.90480548 274.50366276 281.59547031 255.76259241 243.6456138
 274.33379439 246.79382851 253.59801049 161.10190628 173.16347097
 193.82496282 127.78054943 134.40937124 148.83176549 159.60370382
 130.36502212 109.89482751 181.95003165 193.80144199 152.33281529
 139.53200977 108.67515373 196.53663325 181.69923377 186.40464611
  75.77901846 224.48785356 259.85334716 225.53412713 236.51971329
 250.20581737 242.02991731 240.97176308 194.33457366 229.7776623
 239.9804214  218.04722278  94.72381649  95.52989312  60.88790179
 187.52577778 196.95466258 144.61472374 179.97175669 158.83978528
 197.23328574 268.33089834 286.91619087 269.32419292 278.8999363
 276.37057239 276.97278774 273.12839382 274.77999798 201.22089064
 206.4817466  195.02196031 181.90643236  52.392878   139.25702894
 244.66063043 223.01928458 256.03548563 252.00860905 220.87436253
 239.20495905 201.10750465 203.31898774 185.78594469 199.93393843
 376.22876079 379.974725   382.53988362 368.00420628 373.48146773
 365.41432622 382.68858798 377.65126036 372.69031502 361.31247668
 377.3075684  382.28772528 369.79483001 378.69460117 187.92341085
 151.58469251 155.57772544 191.70272253 168.67573144 192.45302243
 216.21625057 198.93306319 241.74561818 211.05925117 238.90012278
 102.725078   115.13219294 113.79451428 143.27866541  69.61990618
 167.05802168 102.62155648 201.02461239 217.73594148 166.06052859
 194.28222689 103.57008107 142.04677023 212.76748665 174.08426876
 198.65429783 214.32646074 156.26987839 150.81129516 153.33530908
 117.50115849 139.68482007 170.91798772 188.58142297 191.89078235
 189.99025239 133.85086406 129.36611253 256.57726558 246.03848792
 243.68352194 278.5209676  279.32611141 250.77340769 247.91409226]lr0.5   iteration  30000