mean[  1   2   3   4   5   6   7   8   9  10  11  12  13  14  15  16  17  18
  19  20  21  22  23  24  25  26  27  28  29  30  31  32  33  34  35  36
  37  38  39  40  41  42  43  44  45  46  47  48  49  50  51  52  53  54
  55  56  57  58  59  60  61  62  63  64  65  66  67  68  69  70  71  72
  73  74  75  76  77  78  79  80  81  82  83  84  85  86  87  88  89  90
  91  92  93  94  95  96  97  98  99 100 101 102 103 104 105 106 107 108
 109 110 111 112 113 114 115 116 117 118 119 120 121 122 123 124 125 126
 127 128 129 130 131 132 133 134 135 136 137 138 139 140 141 142 143 144
 145 146 147 148 149 150 151 152 153 154 155 156 157 158 159 160 161 162
 163 164 165 166 167 168 169 170 171 172 173 174 175 176 177 178 179 180
 181 182 183 184 185 186 187 188 189 190 191 192 193 194 195 196 197 198
 199 200]  cov[[78862.42850265 -2519.62906386  2492.33387642 ...     0.
      0.             0.        ]
 [-2519.62906386 71940.9132854  -5128.00502424 ...     0.
      0.             0.        ]
 [ 2492.33387642 -5128.00502424 72338.30049609 ...     0.
      0.             0.        ]
 ...
 [    0.             0.             0.         ... 46964.77325366
  -5318.87568253 -8624.99046877]
 [    0.             0.             0.         ... -5318.87568253
  46168.10296825   791.64935984]
 [    0.             0.             0.         ... -8624.99046877
    791.64935984 54599.70733254]]   stdev[279.76648907 263.52016102 265.97011686 271.58744711 282.72904363
 283.2511917  285.22583466 286.6180672  145.54171051 140.28365953
 178.58430487 166.10124584 178.1172758  189.95535852 209.35859518
 170.89192    171.718314   192.39963495 238.82943925 211.74527567
 242.04551877 203.75851959 236.66678452 111.08810149 116.25182816
 100.20974147 139.46104246  99.8251709  145.81435298 132.40358805
 170.59735921 158.56128908 190.19088409 179.29635609 168.6936412
 142.00716046 109.21793064 147.43684614 186.63539197 174.01744213
 172.06675984 137.64813048  30.80228833 262.39584776 231.37073863
 240.45943607 229.99195762 244.12726316 239.7244759  196.09012821
 191.21394491 184.81954066 173.51143405 102.8235668  141.94401108
 169.74927513 181.26697134 105.15899209 209.1962785  186.30946085
 189.82674312 212.70144794 261.32917707 268.20509856 273.21706074
 271.58352685 270.49111934 287.69413159 283.39251961 296.61283834
 265.86843776 262.47635729 291.72612058 289.44811205 261.10485605
 277.74119003 267.03133648 282.74663212 167.34203612 175.19322478
 198.57708693 179.44156911 174.93475276 142.29204271 141.03530117
  75.9294499  126.5958922  127.42421654   8.10108092 183.42093825
 183.23504857 174.72876649 274.67959608 245.67812557 277.68072807
 245.17543329 264.43644234 263.56280655 264.55599632 171.00442394
 135.47128668 148.27730212 142.6962562  111.06404754 171.31746996
 136.64696843 167.23611036 177.22484114 156.8617712  147.20628585
 125.18440417 135.71209965 142.44160761 157.2174722  125.42479926
 134.41947376 133.65421893 115.7408931  196.1363906  164.63017656
 162.26627079 110.44091703 175.35410193 187.75528197 188.17157107
 165.35946324 140.37169124 143.31259837 231.27071917 229.51120386
 201.86613777 210.04126806 224.21692216  86.43216714 141.27178918
 132.84635012  94.89564826 139.53473861 230.52306891 230.78703353
 224.90865121 228.59179042 220.52528472 101.38356151 251.43996379
 238.32488674 251.41463936 239.06656214 245.91575854 236.65597727
 137.07790538 114.24688139 128.67337928 163.10161769 137.18446476
 151.32644219 170.24374667 160.59207368 183.81652895 119.6240815
 198.2320335  171.55654701 199.15699153 191.795659   198.67080683
 198.59347537 138.34748732 165.30415672 135.2236314  171.22469668
 103.42240894 142.12002318 186.12183393 205.51815233 192.36158829
 170.71737737 111.84162815 137.24958222 128.06332023  65.94087843
 297.24449877 270.30784008 265.84661196 296.67246888 293.17918046
 282.43704819 274.64897654 269.32605413 279.76330963 277.92085864
 256.00180334 263.21148503 274.34996207 274.95073491 248.38941334
 239.09419206 218.26098062 210.02175714 210.69471438 229.63861184]lr0.5   iteration  30000