mean[  1   2   3   4   5   6   7   8   9  10  11  12  13  14  15  16  17  18
  19  20  21  22  23  24  25  26  27  28  29  30  31  32  33  34  35  36
  37  38  39  40  41  42  43  44  45  46  47  48  49  50  51  52  53  54
  55  56  57  58  59  60  61  62  63  64  65  66  67  68  69  70  71  72
  73  74  75  76  77  78  79  80  81  82  83  84  85  86  87  88  89  90
  91  92  93  94  95  96  97  98  99 100 101 102 103 104 105 106 107 108
 109 110 111 112 113 114 115 116 117 118 119 120 121 122 123 124 125 126
 127 128 129 130 131 132 133 134 135 136 137 138 139 140 141 142 143 144
 145 146 147 148 149 150 151 152 153 154 155 156 157 158 159 160 161 162
 163 164 165 166 167 168 169 170 171 172 173 174 175 176 177 178 179 180
 181 182 183 184 185 186 187 188 189 190 191 192 193 194 195 196 197 198
 199 200 201 202 203 204 205 206 207 208 209 210 211 212 213 214 215 216
 217 218 219 220 221 222 223 224 225 226 227 228 229 230 231 232 233 234
 235 236 237 238 239 240 241 242 243 244 245 246 247 248 249 250 251 252
 253 254 255 256 257 258 259 260 261 262 263 264 265 266 267 268 269 270
 271 272 273 274 275 276 277 278 279 280 281 282 283 284 285 286 287 288
 289 290 291 292 293 294 295 296 297 298 299 300 301 302 303 304 305 306
 307 308 309 310 311 312 313 314 315 316 317 318 319 320 321 322 323 324
 325 326 327 328 329 330 331 332 333 334 335 336 337 338 339 340 341 342
 343 344 345 346 347 348 349 350 351 352 353 354 355 356 357 358 359 360
 361 362 363 364 365 366 367 368 369 370 371 372 373 374 375 376 377 378
 379 380 381 382 383 384 385 386 387 388 389 390 391 392 393 394 395 396
 397 398 399 400 401 402 403 404 405 406 407 408 409 410 411 412 413 414
 415 416 417 418 419 420 421 422 423 424 425 426 427 428 429 430 431 432
 433 434 435 436 437 438 439 440 441 442 443 444 445 446 447 448 449 450
 451 452 453 454 455 456 457 458 459 460 461 462 463 464 465 466 467 468
 469 470 471 472 473 474 475 476 477 478 479 480 481 482 483 484 485 486
 487 488 489 490 491 492 493 494 495 496 497 498 499 500]  cov[[431.02377677  -4.40129736   6.10142258 ...   0.           0.
    0.        ]
 [ -4.40129736 479.12072031 -53.21911852 ...   0.           0.
    0.        ]
 [  6.10142258 -53.21911852 448.32107972 ...   0.           0.
    0.        ]
 ...
 [  0.           0.           0.         ... 228.48853053  21.0310379
    0.        ]
 [  0.           0.           0.         ...  21.0310379  339.08353071
    0.        ]
 [  0.           0.           0.         ...   0.           0.
   70.13059832]]   stdev[20.68275099 21.74187203 20.79593443 18.03972864 11.03293518 15.60278516
  3.54809772 15.08011859 15.98699736 19.22664061 13.53009984 14.17132569
 15.73626646 15.01806447 19.48121273 17.59549052 16.54369537 13.66956003
 13.27783445 16.61861744 11.74283188 20.87258907 23.25063435 24.11380629
 21.02443594 20.23336668 14.4384104  14.21925025 12.09342406 13.24956247
 10.05127012 16.4236681  14.3724225  10.56441036 13.8240973  11.66779424
 10.90513716 21.05868426 20.7528955  18.75657821 21.00565919 13.58764537
 14.98174921 15.87301207 25.50688163 26.70954235 25.44900865 25.72848112
 24.4110606  26.34487254 26.05808021 16.91301012 16.09574881 22.50302806
 22.67688935 22.31400437 22.95963378 25.76175243 22.41921034 17.79502506
 14.33436095 18.24102118 14.22297833 14.67489245 11.02038519 10.12792401
 21.86979475 20.23359693 21.63146767 21.39799693 22.99331328 23.20169474
 24.64718968 22.26807204 21.85609961 24.50770313 13.55002776 11.85134672
 18.99215011 18.53077278 14.74727312  4.07775667 16.58417139 19.70499286
 19.19591012 16.03572574 12.71610527 15.07638905 12.12163658 13.51192571
 13.08453031  6.94003995 23.61487271 19.88301715 23.58609401 20.3473153
 23.59937854 10.59561825 16.97049148 19.39018396 19.34172084 17.71758026
 17.12948186 12.40360709 12.31393233 13.92135125 14.61011242 10.13700419
 13.25033697 11.1530152  18.20105946 17.34540268 19.01080033  9.67703885
 15.83930385 15.29052266 15.562859   14.20768984 14.74070495 15.61189646
 16.76014171 18.33621276 19.00880012 19.04301898 13.68330733 12.47113455
 10.67620154 16.93864428  8.76935913 15.55906354 17.05644453 11.98030477
 13.27269333 17.24438356 13.78985684 15.79593628 11.66484351 15.65183569
 15.99427723 14.06949669 22.54409658 23.85867172 21.08951895 20.06177971
 20.69582704 14.46511666 18.29552099 16.77741004 13.5735246  17.38610105
 18.05006498 13.82959297  2.12638117 16.87662325 11.50608826 10.13376648
 11.4978631  18.40655398 14.18379732 16.71642807 18.99603626 16.34353374
 19.26692255 13.57662791 12.37883149 16.93969718 17.54244299 17.95461736
 25.75157876 22.94540405 22.36528368 23.42988899 26.20580125 24.98858421
 19.46394682 19.34527364 16.04839855 25.22468125 22.25661124 25.56796536
 24.294449   25.10285608 25.10976036 34.30384496 34.35328182 35.15493047
 35.75089084 34.75280139 34.24428246 33.4514035  34.01627123 35.83984568
 34.106355   33.41566968 33.74565136 20.10600697 20.44117894 23.83424288
 22.07797138 20.36543173 12.33383545 15.69456006 18.53268778 13.70137105
  8.06572321 18.32948635 22.10974073 21.44767055 21.40691953 13.04232214
 10.92537604 10.94343841 24.2042037  23.00238449 23.45810943 21.48185062
 21.12279061 10.81048265 13.1827193  12.8249223   1.71297777 12.98835582
 16.3324119  19.72259467 19.86381192 17.7294589  20.66627064 17.46170874
 18.3843011  14.82093175 14.56409367 14.27313866  9.28463531 10.8909177
 10.69610507 22.03427537 21.99711983 17.66341163 17.20221872 15.57614373
 19.08199959 15.92559756 13.29614954 16.78066075 18.95173906 18.2798501
 13.10203124 13.87365499 13.25305823 15.33591824 11.8198104  14.28342498
 19.93966587 18.14838022 21.99035176 20.66713798 21.21461964 21.69001066
 21.87317588 18.93327862 13.87988213 10.32676467 20.43180759 18.62730941
 17.53532595 20.99234698 14.71065488 15.25992976 12.32554594 32.08142058
 31.52446357 32.5540786  31.01753333 32.07146173 32.08182853 32.55592915
 32.114906   31.06062683 31.16822843 13.46906461 14.61743319 16.46051022
 12.9006104  13.3734235  14.68109532 13.24321239 24.77347398 25.6596937
 26.57019872 27.55216758 24.79849742 25.55592664 24.99189093 10.65084065
 16.30370098 17.28649788 16.26098643  5.23023474 16.31139417 12.92610749
 20.94626505 19.9963574  20.76668845 20.35355664 20.69731899 11.55595391
 13.3307356  15.65742198 13.16491352 21.97079671 20.31384941 17.19194779
 20.11728058 25.42513856 24.4758523  22.27820683 22.70875101 26.05847491
 24.44129492 19.45911223 18.53728202 18.10923074 20.89507965 21.70590547
 19.25215489 19.82768229 18.40256268 12.1312098  11.60382294 16.72705052
 18.71621971 17.15453621 16.98908083 17.88884314 14.05083884  3.60836893
 23.35192172 22.83150379 23.09728909 21.81921143 21.87148523 21.76092345
 18.43872261 19.56646216 17.21952795 25.84809765 22.16402919 26.24561086
 25.72930942 23.83929937 24.57911876  7.54994752 13.54963946 13.87789319
 25.1748704  23.18625599 24.18941614 23.148274   24.02179717 22.28316209
 20.27594846 22.59707503 21.37392219 20.38879236 22.32387467 34.29410205
 33.64249723 33.16017591 34.19005201 32.72326858 34.44596143 34.16102195
 32.27980099 34.22792888 32.96328721 31.57522774 12.71005807 27.77868817
 25.40180187 26.78050902 26.97473487 25.4189952  25.77548668 27.77008331
 11.04612194 14.69209559 24.36347048 24.69800179 26.94547647 27.47350243
 25.21495991 24.20106505 27.77737191 16.26819636  9.99869241 25.64919411
 25.04273201 23.12731185 24.83667966 25.72443935 25.78236115  2.63472533
 21.42407231 19.09348853 18.63701753 18.62939829 27.55951531 29.15108534
 26.64618406 28.36144614 27.80476577 29.42627983 26.97758644 26.62796101
 11.55738744 14.29335321 19.07326799 18.69203311  9.04475655 37.9358428
 39.52441122 38.26765347 39.26660656 39.46558163 39.71226143 37.70618814
 38.86685883 39.66362831 37.48088712 37.25664293 39.1228843  39.54856238
 39.10849905 38.90273942 12.819834    9.85988974 17.0945197  14.45828867
 17.0316378  12.14221803 14.08715595 19.15257716 18.37941395 21.84402399
 20.30093993 23.38785074 23.65237103 21.75146108 11.00508162 14.09476666
 13.63304092 14.82911498 15.68268522 16.59528179 13.13070587 16.58194966
 18.92841388 19.53563321 15.16478864 19.69373154 18.91817648 28.4084664
 26.75601935 29.4310942  27.11715296 26.90007804 26.71563224 28.73191196
 28.15426941 19.49785917 21.56290353 20.2385663  18.85221714 22.65592216
 24.81659499 23.64446135 21.85730326 25.63047763 25.23226451 19.84961265
 18.64166679 18.46290914 20.80819702  9.90257482 14.08164995 11.63161313
 10.31113422 16.68204636 14.51945399 19.94642119 16.82497576 18.97553886
 18.07310112 18.18214551 17.56731386 21.86641022 18.27382481 15.03930976
 18.35329189  8.37440137]lr0.5   iteration  30000