mean[1 2 3 4 5]  stdev[1 2 3 4 5]   lr0.5   iteration  30000paramter histories
[ 1.02317707  2.00575507  2.97666821  3.80820648  4.74723856 -0.09180769
  0.58229502  1.04585761  1.33072277  1.52526811]
[ 0.99999995  1.9999993   3.0000019   4.00000925  4.9999945  -0.05028471
  0.24084054  0.44398146  0.58564759  0.69935623]
paramter histories
[ 0.98872182  2.01086089  3.02589701  4.02092733  4.82163564 -0.0848711
  0.60483065  1.01560089  1.30290336  1.52162212]
[ 0.99999971  1.9999993   2.99999838  3.99999448  4.99999905 -0.10407522
  0.25381959  0.44448809  0.58690696  0.69880159]
paramter histories
[ 0.98496645  2.0180227   2.94433846  3.93385201  4.83823941 -0.08823973
  0.62920054  1.03029581  1.29880196  1.51673272]
[ 0.9989796   2.          2.99900098  4.00079569  4.99890967 -0.08390002
  0.34657359  0.44359976  0.58970706  0.70032292]
