mean[1 2 3 4 5]  stdev[1 2 3 4 5]   lr0.5   iteration  30000paramter histories
[ 1.02317707  2.00575507  2.97666821  3.80820648  4.74723856 -0.09180769
  0.58229502  1.04585761  1.33072277  1.52526811]
[ 0.99999995  1.9999993   3.0000019   4.00000925  4.9999945  -0.05028471
  0.24084054  0.44398146  0.58564759  0.69935623]
paramter histories
[ 0.98872182  2.01086089  3.02589701  4.02092733  4.82163564 -0.0848711
  0.60483065  1.01560089  1.30290336  1.52162212]
[ 0.99999971  1.9999993   2.99999838  3.99999448  4.99999905 -0.10407522
  0.25381959  0.44448809  0.58690696  0.69880159]
paramter histories
[1. 1. 1. 1. 1. 1. 1. 1. 1. 1.]
[ 0.99999975  1.9999993   3.00000203  3.99998904  4.99999973 -0.1064563
  0.24011038  0.44435048  0.58672508  0.69857519]
paramter histories
[ 0.9812917   2.03944334  2.89771153  3.98787348  4.87199969 -0.08223263
  0.62937323  1.00405103  1.32253141  1.52894793]
[ 1.00001965  2.0000519   3.0001263   4.00047431  4.9999071  -0.10753811
  0.26226368  0.44402072  0.5967816   0.69754656]
paramter histories
[ 1.02026673  2.03068162  3.01300634  3.9844035   4.87168211 -0.04975845
  0.61924412  0.98618149  1.29519764  1.55324872]
[ 0.99999984  1.9999993   2.99999817  3.99999775  5.00000665 -0.10093071
  0.24171391  0.44353314  0.58569606  0.69842164]
average time cost[0.578 1.531]average mean error[0.076 0.   ]average scale error[0.141 0.034]average iteration time [array([400, 400]), array([400, 400]), array([array(None, dtype=object), array(400)], dtype=object), array([400, 400]), array([400, 400])]average varaince reduction-147.956