mean[1 2 3 4 5]  stdev[1 2 3 4 5]   lr0.5   iteration  30000paramter histories
[ 1.02317707  2.00575507  2.97666821  3.80820648  4.74723856 -0.09180769
  0.58229502  1.04585761  1.33072277  1.52526811]
[ 0.99999995  1.9999993   3.0000019   4.00000925  4.9999945  -0.05028471
  0.24084054  0.44398146  0.58564759  0.69935623]
paramter histories
[ 0.98872182  2.01086089  3.02589701  4.02092733  4.82163564 -0.0848711
  0.60483065  1.01560089  1.30290336  1.52162212]
[ 0.99999971  1.9999993   2.99999838  3.99999448  4.99999905 -0.10407522
  0.25381959  0.44448809  0.58690696  0.69880159]
paramter histories
[ 0.98496645  2.0180227   2.94433846  3.93385201  4.83823941 -0.08823973
  0.62920054  1.03029581  1.29880196  1.51673272]
[ 0.9989796   2.          2.99900098  4.00079569  4.99890967 -0.08390002
  0.34657359  0.44359976  0.58970706  0.70032292]
paramter histories
[ 1.00178711  2.01722363  2.95452818  3.98942095  4.82268632 -0.08090252
  0.62293388  1.01425396  1.32219016  1.53609133]
[ 1.00000027  1.9999993   3.000002    3.99998845  4.99999611 -0.10613723
  0.24064769  0.44366927  0.58681445  0.69960484]
paramter histories
[ 1.00910076  1.98676841  3.03004333  3.96934564  4.84373712 -0.05315454
  0.62795043  0.99811568  1.29733712  1.54583803]
[ 0.9998307   2.00026244  3.00005719  3.99779624  5.00047174 -0.07785118
  0.30734977  0.45020135  0.60374607  0.69831772]
average time cost[0.621 1.588]average mean error[0. 0.]average scale error[0.006 0.031]average iteration time [array([400, 400]), array([400, 400]), array([400, 400]), array([400, 400]), array([400, 400])]average varaince reduction-554.007