mean[  1   2   3   4   5   6   7   8   9  10  11  12  13  14  15  16  17  18
  19  20  21  22  23  24  25  26  27  28  29  30  31  32  33  34  35  36
  37  38  39  40  41  42  43  44  45  46  47  48  49  50  51  52  53  54
  55  56  57  58  59  60  61  62  63  64  65  66  67  68  69  70  71  72
  73  74  75  76  77  78  79  80  81  82  83  84  85  86  87  88  89  90
  91  92  93  94  95  96  97  98  99 100 101 102 103 104 105 106 107 108
 109 110 111 112 113 114 115 116 117 118 119 120 121 122 123 124 125 126
 127 128 129 130 131 132 133 134 135 136 137 138 139 140 141 142 143 144
 145 146 147 148 149 150 151 152 153 154 155 156 157 158 159 160 161 162
 163 164 165 166 167 168 169 170 171 172 173 174 175 176 177 178 179 180
 181 182 183 184 185 186 187 188 189 190 191 192 193 194 195 196 197 198
 199 200]  cov[[ 4113.97585986     0.             0.         ...     0.
      0.             0.        ]
 [    0.         30318.12545148  1841.31378398 ...     0.
      0.             0.        ]
 [    0.          1841.31378398 37612.4330486  ...     0.
      0.             0.        ]
 ...
 [    0.             0.             0.         ... 44811.00430679
  -4068.59867202  -450.72186055]
 [    0.             0.             0.         ... -4068.59867202
  34318.63160076 -4132.20664297]
 [    0.             0.             0.         ...  -450.72186055
  -4132.20664297 39701.30617819]]   stdev[ 64.14028266 171.63119818 192.23479903 190.32062148 234.59272059
 223.33242603 257.63213416 223.40439542 257.08024133 254.00903484
 274.14408809 262.39133382 278.55620627 272.3778656  264.61455494
 249.83920576 270.44760636 172.15063431 173.26171892 194.33830667
 125.14694141 169.36641907 155.07412253 279.61868012 271.63120877
 274.55077741 288.68887495 281.24255141 275.75343467 271.13339792
 268.59738796 304.41341398 310.94542084 301.03694834 327.70564834
 302.50088598 328.78450402 322.70685076 309.40722725 326.45558417
 309.08664804 194.69432819 185.99409946 170.31481368 146.32329262
 139.10370512 186.88955419 123.7625405   54.72390983 188.50311398
 192.12215392 199.30482743 185.41343815 165.35708532 151.79894293
 146.3773027  119.52688921  52.81725897 191.79333414 190.75521582
 179.11515968 189.79253459 161.93256444 105.50278135 142.38937113
  97.68862348 108.64557469 151.32680078  74.10821812 159.63336471
 127.1955508  180.95438995 176.3556596  220.86197907 183.24703693
 189.43513738 176.9556365  194.58800855  81.16627342 119.215758
 158.08000631 107.2427779  232.41794246 258.14677751 227.00246285
 224.41938179 220.74564237 238.49963169 195.72110544 184.44779715
 192.70460931 215.25447486 162.48421759 128.34479315 216.55858981
 180.12335353 212.32110138 196.36900443 157.38378461 154.32015658
 168.86735155 106.23766226 163.86021142 206.01561065 212.55423985
 177.25243061 167.8872256  180.39995845 179.82497795 189.28268333
 192.54296681 191.62197419 176.60778969 175.70991221 155.43926789
 147.81218908  40.1362354  165.71902487 180.18011145 190.01281582
 151.7049528  144.19255572 170.90268743 163.49836434 150.83686471
  82.75602255 173.800796   185.27088955 171.89759479  90.09797878
 128.74855922  82.64135419 151.87387178 147.66971225 165.25047815
 155.15912634 183.56967317 184.0251801  194.89706933 177.4714587
 166.43699655 191.300035   141.11710856 124.60077335 277.66182045
 250.36306946 258.08387645 245.81470962 278.03168195 249.88726468
 255.75916861 105.85556733 159.45445187 110.65333224 102.70511996
 157.25597996 146.50368445 181.64843204 140.33848122 122.44716185
 161.48685666 168.56312266 160.59698597 151.12325971 174.88033698
 193.58301443 223.92890169 225.54528896 222.90090624 222.64832212
 252.59004796 240.82377728 146.12958055 134.1935783  132.03046877
 131.17479089 217.44472864 224.1139222  227.20691361 233.00023607
 211.6104051  157.36341293 156.8980245  187.44870402 156.0927932
 138.61091592 130.52026806 116.21332473 291.38832369 276.71268337
 270.42232343 295.13802714 272.44836203 266.41421023 274.51169683
 294.44221178 189.38454813 208.84917642 182.04905506 196.91174877]lr0.5   iteration  30000