mean[  1   2   3   4   5   6   7   8   9  10  11  12  13  14  15  16  17  18
  19  20  21  22  23  24  25  26  27  28  29  30  31  32  33  34  35  36
  37  38  39  40  41  42  43  44  45  46  47  48  49  50  51  52  53  54
  55  56  57  58  59  60  61  62  63  64  65  66  67  68  69  70  71  72
  73  74  75  76  77  78  79  80  81  82  83  84  85  86  87  88  89  90
  91  92  93  94  95  96  97  98  99 100 101 102 103 104 105 106 107 108
 109 110 111 112 113 114 115 116 117 118 119 120 121 122 123 124 125 126
 127 128 129 130 131 132 133 134 135 136 137 138 139 140 141 142 143 144
 145 146 147 148 149 150 151 152 153 154 155 156 157 158 159 160 161 162
 163 164 165 166 167 168 169 170 171 172 173 174 175 176 177 178 179 180
 181 182 183 184 185 186 187 188 189 190 191 192 193 194 195 196 197 198
 199 200]  cov[[19793.09672975     0.             0.         ...     0.
      0.             0.        ]
 [    0.         30414.94303141 -3737.45258273 ...     0.
      0.             0.        ]
 [    0.         -3737.45258273 29910.29965977 ...     0.
      0.             0.        ]
 ...
 [    0.             0.             0.         ... 36989.66931145
    121.18768351 -9059.65245523]
 [    0.             0.             0.         ...   121.18768351
  37074.55683366  2518.161097  ]
 [    0.             0.             0.         ... -9059.65245523
   2518.161097   46517.62072542]]   stdev[140.68794095 172.90565867 168.08333716 191.4327272  138.92667981
 166.85812224 145.99889125  98.17106004 265.89459317 245.32423575
 273.82500159 279.22419336 255.97901731 259.60154586 251.55857152
 216.6692723  172.73053632 200.31879248 184.13507094 220.43311906
 194.69692525 207.14627551 171.48265532 156.933724   168.66297187
 150.92904995 260.95800097 245.65436533 257.28873295 256.08547414
 235.44707898 247.45652036 189.41960424 166.24564591 179.64089386
 173.77488725 238.01289325 207.46718943 209.33733817 207.49093937
 208.52570958 165.11891956 181.94897808 191.53957239 162.93857931
 123.64162932 142.58424787 105.13511065 166.75141798 150.54911846
  56.68623574 228.18716773 206.55799157 223.0450416  238.87536984
 216.35863407 189.89862857 195.39195083 151.87846028 130.73664579
 126.92641646 219.8278957  231.41913831 234.92698457 227.11364896
 236.29116713 301.92175284 284.69493104 297.53690126 311.10670711
 306.72919265 284.00348925 304.65420653 296.01857647 311.62311699
 182.71051793 175.26487267 173.57391295 155.75164373 149.66927866
 135.92962116 156.1227685   64.7128052  192.7062673  209.18301508
 181.57253758 219.74757998 131.80351873 104.41601403  34.26097134
  44.92482319 165.4809886  115.69048564 242.32643999 240.79207695
 260.02577976 253.48570079 235.04248158 262.18474072 100.95136634
 165.32113481  96.24886806 103.36744458  59.1474236  152.81441489
 117.53103881 141.66755094 168.07998572 124.88390855 150.0444862
  85.20261537 192.66813458 172.22971677 193.55674718  99.30813387
 164.27011864 225.81237322 222.21377247 232.05806351 239.51490086
 222.55772006 227.23690833 124.87570095 241.77618314 236.98788953
 242.20950033 257.15353897 237.93544751 247.51418842 242.94790472
 261.71883178 233.31640782 257.7578622  242.0337866  240.23862806
 194.8081747  205.27478461 177.79003673 167.71353078 142.31609539
 133.69167539 145.74106622 156.30955853  85.53203951  80.68171208
 146.77623506 168.87098355 189.2463249  193.22974352 193.87132627
 195.87291978 197.33368228 158.95080647 178.39220011 189.79782997
 139.99443556 153.88400815 243.18688199 235.31213732 253.20573484
 219.56106155 260.27002053 247.9411701  164.4265787  199.22977855
 151.68741814 172.39304748 207.59545803 191.37264123 176.86946024
 166.74443786 161.58546919 181.77719592 189.95357603 156.97500644
 196.51180233 166.342306   196.80531546 183.79914559  45.24616406
 167.88013318 135.99624431 126.44441004 161.38606878 154.47519286
 154.04710028 146.59193443 143.50141177 156.2440393  143.09420415
 177.53381904 141.38994437 185.84907422 188.62553344 179.09373936
 198.03923313 195.66436611 180.63121256 191.68695904 205.03495053]lr0.5   iteration  30000