mean[ 1  2  3  4  5  6  7  8  9 10 11 12 13 14 15 16 17 18 19 20 21 22 23 24
 25 26 27 28 29 30 31 32 33 34 35 36 37 38 39 40 41 42 43 44 45 46 47 48
 49 50]  cov[[ 7.75180726  0.40843298 -0.84203441 ...  0.          0.
   0.        ]
 [ 0.40843298  7.64743365 -0.09062498 ...  0.          0.
   0.        ]
 [-0.84203441 -0.09062498  6.98573111 ...  0.          0.
   0.        ]
 ...
 [ 0.          0.          0.         ...  1.27279445  0.
   0.        ]
 [ 0.          0.          0.         ...  0.          1.49499252
   0.        ]
 [ 0.          0.          0.         ...  0.          0.
   0.62434404]]   stdev[2.7518657  2.76010948 2.5966609  2.78974629 2.64976081 2.52200237
 2.6582142  3.13378424 3.04666153 3.2313521  3.0164129  3.2938368
 3.19828707 3.24754557 3.04103349 2.98380998 3.14521781 1.64048422
 1.62308921 1.42938814 1.42245189 1.08161057 2.30335501 2.26980533
 2.50761969 2.48097027 2.46199122 2.56901765 0.85348888 1.75987226
 1.90796571 1.97934284 1.19421641 1.50785978 1.3805216  0.9858438
 1.55658713 1.4035904  1.41348659 1.30049639 1.21917832 0.80646115
 1.97669838 1.99220822 2.01650774 1.77905986 1.4397949  1.09272683
 1.22269887 0.79015444]lr0.5   iteration  30000