mean[1 2 3 4 5]  cov[[5. 0. 0. 0. 0.]
 [0. 5. 0. 0. 0.]
 [0. 0. 5. 0. 0.]
 [0. 0. 0. 5. 0.]
 [0. 0. 0. 0. 5.]]   stdev[2.23606798 2.23606798 2.23606798 2.23606798 2.23606798]lr0.5   iteration  30000 
KL elbo 
[ 1.44669611e+01  5.10973793e+00  2.79599638e+00  2.56030954e+00
  2.08889283e+00  3.15800331e+00  3.71306511e-01  1.54730518e+00
  2.82499709e-01  1.53137673e+00  6.64624675e-01  3.47251981e-02
  8.42743776e-01 -1.78948481e-01  3.05185636e-01  1.37262748e+00
  3.25824268e-01 -2.18375602e-01 -3.33227660e-01  1.10157370e-01
  5.65363777e-01  5.61279766e-01  2.40279002e-01  3.51270887e-01
 -4.62250006e-01  1.58699636e+00  1.56707158e+00  1.12166007e+00
 -1.51885073e-01 -5.66026415e-01  2.75178667e-01 -1.17017158e-01
 -2.34340978e-01  1.11752107e+00  9.02046998e-01  4.86482652e-01
  2.30955110e-01 -7.78304764e-01 -7.72066087e-01  1.59220411e+00
  8.51110732e-01  2.60574359e-01  6.05901079e-01 -2.40982136e-01
  1.14593863e+00  8.22927707e-01  1.48457989e-01  3.49025356e-01
  4.95961841e-01 -6.74484452e-01  1.99753773e+00  9.59588839e-01
  6.34202971e-01  1.05830502e+00  2.35127990e-01  8.70563786e-01
  5.52273252e-01  2.01662466e-01  1.45506456e+00  7.03159640e-01
  7.74668932e-02  5.33727609e-01 -3.31431954e-01 -3.96621728e-01
 -1.19441832e-01 -2.67182120e-01  2.16877034e-01  6.73987197e-01
 -1.13374447e-01 -5.39841485e-01  5.27685070e-01  7.09590922e-01
  8.00623166e-01  1.65758965e+00  2.07120720e+00  3.32331629e-01
  9.19054449e-01  5.68384257e-01 -8.99948009e-01  1.10949469e-01
  1.24826153e+00 -1.62317595e-01 -5.88023308e-01  6.82001623e-01
  1.37782231e+00  7.71973136e-01  1.42737572e+00  7.39801856e-01
  4.23740208e-01 -1.32843908e-02  9.83386637e-01  1.09042060e+00
  1.34080677e+00  2.41658256e-02  1.54650993e+00  1.55157254e+00
  6.17903831e-01  1.18912437e+00  1.27326594e+00  8.48439910e-01
 -4.55685990e-01 -7.69087346e-01 -7.07156656e-02  6.19196462e-01
  9.52532835e-02 -4.11134547e-02  2.32954969e-01  1.62210796e+00
  4.27572733e-01  6.94734571e-01  1.83511149e-01  4.94439338e-01
  4.39356979e-01 -7.31085028e-01  7.01317084e-01 -6.61171233e-03
  2.21623536e-01  1.11609335e+00 -4.09910380e-01  3.99178578e+00
  3.15514610e-01 -6.06150303e-02  8.65172676e-01  1.20122388e+00
  6.25599032e-01 -4.95637551e-01 -4.01236238e-01  9.54460677e-01
  1.32427914e+00  9.76419267e-01  1.87055933e-01  2.16215618e-01
  2.10659968e-01  1.21784242e+00  7.73298497e-01  3.41013620e-01
 -2.58711129e-01  1.33052893e-01  1.02558878e-01 -2.39789347e-01
  6.52582372e-01  1.43512203e-01  7.06905565e-01  4.36891205e-01
  1.56835452e-01  6.70268255e-01  4.51022778e-01  7.05050006e-01
  2.14757644e+00  6.38146498e-01 -8.27802194e-03  5.95488639e-01
 -1.07263706e-02  1.25402595e-01 -4.83989488e-01  4.03781415e+00
  1.18859350e+00  8.28402396e-02  2.49206085e-01  6.91016266e-01
  2.86794708e-02 -6.72529897e-01 -2.05902857e-01  1.13122937e+00
  4.75425230e-01  3.38865681e-01  2.55899396e+00  5.24233008e-01
  3.34078479e-01  4.38178105e-02 -8.32068141e-01  1.03944646e+00
  8.40910561e-01  1.83668588e-01  1.14608859e+00  1.63076053e+00
  1.05635371e+00  1.21560407e+00  2.59768977e-01  2.98111737e-01
  5.86263213e-01  7.07674299e-01 -1.14821368e-02  5.72047241e-01
  5.18983303e-01  2.13468925e-01  3.32367233e-01  5.11145064e-01
  3.53762248e-01  1.43156845e-01  8.14245502e-01 -9.04130931e-02
 -1.67412516e-01  1.07494769e+00  1.97246381e-01  5.47209009e-01
  1.06566541e+00  7.24034567e-01  4.51701635e-01  9.41450009e-01
  4.32043299e-01  7.46120939e-01  1.13984101e+00  4.46148462e-01
  1.35195427e-01  8.83200132e-01  5.68288870e-01  7.55566151e-01
  7.59015743e-01  3.89728458e-01 -3.40750089e-01 -3.84180712e-01
 -4.34485621e-01  2.00083954e+00  4.05211955e-01 -1.37058129e-01
  4.50837660e-01  8.99250589e-01  6.99140430e-01  4.29732256e-01
  1.64935687e+00  1.21490162e+00  1.50578539e-01  1.19287290e+00
  4.88764110e-01  6.77366611e-01  2.43368487e-01  7.49111075e-02
  4.03638347e-01  3.59295767e-01  4.94526468e-01  1.00468429e+00
  8.26362786e-01  9.59930877e-01  1.32078342e-01  7.07065814e-01
  2.56142627e-01 -1.68818930e-01  1.08907144e-01 -3.46907767e-01
  2.65517161e+00  1.37603369e+00  3.94907541e-01  1.18921905e+00
  1.84948945e-01  7.09926818e-01  1.54909102e+00  6.18118852e-01
  1.80048459e+00  7.84235906e-01  5.10498223e-01 -1.48204144e-01
  7.83080367e-01  2.30726111e+00  1.12616502e+00  7.05085121e-01
 -2.49231044e-01  2.39338394e-01  5.13340963e-01  5.06973481e-01
  4.62741996e-01  4.29963523e-01  1.20014562e+00  9.36133638e-01
  2.21378035e-01  1.60682852e-01  1.06566156e+00  1.18677454e+00
  6.48171599e-01  1.46683157e+00  1.04194887e+00 -1.09926849e-01
  8.08192049e-02  1.13141009e-01 -8.64008209e-02  4.08596287e-01
  1.63103547e-01 -5.41002926e-01  8.94675213e-01  1.37086292e+00
  1.00102372e+00  9.72023458e-01 -3.47467008e-01 -8.34422382e-01
 -3.87350620e-01 -3.72663904e-01  9.17197508e-01 -2.69026190e-01
  2.46169246e+00  8.82558705e-01  2.98753855e+00  7.98105515e-01
  4.04696416e-01  5.00443868e-01 -4.85060642e-01 -9.20959347e-01
  3.42597575e-01 -1.87528804e-01 -8.85960252e-01  1.26653318e+00
 -1.81325151e-01  1.14482749e+00  5.43565837e-01  1.37710460e-01
  2.00865800e+00  1.38623696e+00 -3.60412413e-01  3.44676897e-01
  1.14205032e+00  1.11404902e+00  9.87447901e-01  4.12623062e-01
  1.44149421e+00  1.20743526e+00  1.68138255e+00  1.32765052e+00
  6.58348010e-01  4.75940715e-01  1.18991114e-01 -2.13496298e-02
  6.46888139e-01 -2.54820174e-01  1.45418793e+00  1.55594317e+00
  2.58240483e-01  8.05030201e-01 -5.07695903e-02  4.20857382e-01
  1.55755563e-01  2.28520946e-01  1.00009405e-01 -3.19404756e-01
  2.48616917e-01 -1.28503021e-01  7.59312035e-01  1.57112234e-01
  1.67301718e-01  7.53028556e-01  3.75476363e-01  4.68742777e-01
  1.53746178e+00  1.02549014e+00  4.19500866e-01  1.25946733e+00
  1.17704057e+00  3.74929866e-01  6.24539448e-01  5.35252127e-01
  8.58028378e-01  1.47948136e+00  1.17193737e+00  9.52531108e-03
 -7.23769050e-01  1.68613242e-01 -1.68134630e-01 -4.79574024e-01
 -3.33508809e-02  5.09706215e-01  3.86880698e-01  1.78783924e+00
  5.93915027e-01  1.27931417e+00  1.05289241e+00 -1.58091508e-01
  2.11480348e+00  6.15894034e-01  7.82016115e-01  1.01972627e+00
 -3.12485551e-01  1.16212144e-01  1.39686279e+00  5.70310466e-01
  5.51813127e-02 -2.60482054e-01 -3.85122575e-01 -1.88397314e-01
  5.23794444e-01  1.09465294e+00  1.28588386e+00  4.49233725e-01
  7.67653719e-01  5.03661273e-01 -2.33885928e-02  8.77266003e-01
  1.46464960e+00  2.23660668e+00  8.87004598e-01  8.51410804e-01
  2.35878713e-01  1.30010204e-01  4.90674955e-01 -2.39489050e-01
 -2.41047732e-01 -1.63068868e-01 -5.55046577e-01  3.48491540e+00
  1.75672244e+00  1.79521934e+00  1.01819966e+00  1.07656811e-01
  7.01386826e-01] 
RGE elbo 
[1.25337012e+001 2.25862154e+001 6.73178022e+001 ... 1.26194561e+172
 1.65357570e+172 1.60210538e+172] 
RGE mean 0 
[  1.50000006   1.24006244   1.10896204 ... 112.0660247  112.24638165
 112.2554345 ] 
RGE mean 1 
[  3.50000002   3.11651753   2.82093812 ... 117.03311771 116.64220843
 116.37155975] 
RGE mean 2 
[  5.50000001   5.07681791   4.71602901 ... -21.4936342  -21.4936342
 -20.46955339] 
RGE mean 3 
[  7.5          7.05728113   6.66255096 ... -72.95943486 -73.16306204
 -73.577348  ] 
RGE mean 4 
[9.5        9.0456631  8.63023018 ... 2.30845443 2.44589382 2.98999667] 
KL mean 0 
[ 2.49999997  2.04977884  1.69726631  1.46131671  1.07113313  0.83993574
  0.58666535  0.96214632  1.01589413  1.36515814  0.98005983  0.36964537
  0.15728619 -0.08816564  0.61341447  1.05271712  1.48969842  1.54295747
  1.20274195  0.71472416  0.87744323  1.81087653  1.37087628  1.57608402
  1.7354542   1.82799087  1.87100876  0.93019333  0.95970958  0.44575874
  1.03782087  1.06739887  0.44921445  1.01924865  1.28050536  1.31737094
  1.14647164  1.35312131  1.35051649  1.58263186  1.00810842  0.87851002
  1.75900704  1.82494328  1.11049116  1.65225497  1.65184254  0.88816901
  1.47559698  1.24444233  1.62971306  1.49044831  0.94078766  0.95912712
  1.19723721  1.96596556  1.3708796   1.63476689  0.57696254  1.02420089
  1.20693401  1.2181418   1.73235598  1.02452745  0.51826574  0.99066745
  1.20616401  1.5494725   1.7713144   1.36126206  1.07663     1.4087056
  1.46404944  0.84682874  1.39513775  1.66557741  0.82042551  1.50704365
  1.13438425  1.75526619  1.4725386   1.05855769  1.03224983  0.89244417
  1.15733804  0.88961946  1.79055702  1.24983267  1.59336241  2.3459512
  1.76646129  0.88204475  0.47689396  0.4139197  -0.12714462  0.71409574
  0.847912    1.48101331  1.23247217  1.30071641  1.17293548  1.41576609
  1.27229409  1.06211757  0.95602924  1.19145127  1.1903915   0.83592035
  1.42511809  0.93607249  0.4156166   1.14303309  0.63362802  0.97003356
  0.70391773  0.49501125  1.29761151  1.06632092  0.70446918  1.68612491
  1.4128437   0.50469176  0.35907413  1.20134383  0.94943094  0.82287614
  0.83629325  1.57291411  1.26124066  0.9617145   1.19843457  1.88850285
  1.34901     0.80782023  0.51231089  0.38990359  0.58555309  0.79378586
  1.01501428  0.63676206  0.32628552  1.0986768   1.61695917  1.05662547
  1.13237169  0.68774584  1.73005407  1.49252599  1.1082213   0.20320041
  0.73485003  0.38010918  1.21631909  1.60825106  1.10299875  0.81126601
  1.08219057  1.01871335  0.60155808  1.42638858  1.00089779  1.11679277
  1.0732075   0.63795154  0.96101444  0.70498877  0.79280811  1.43876103
  1.29973002  1.00675063  0.97179173 -0.04277853  0.83687499  1.11831374
  1.37489595  0.37015534  0.41253363  0.54865597  0.93524188  1.79337856
  1.24747828  1.27920015  1.2383316   1.00894279  0.9523653   1.14514475
  1.06288914  0.61476906  1.68312499  1.14146017  1.6833194   1.6328488
  1.82334706  2.23738488  1.64637127  1.50909205  1.46995811  1.23411595
  1.09026035  0.31904019  1.06625614  1.71101942  1.32063047  0.98644476
  1.07351232  0.38677471  0.63105149  1.11363099  0.97654453  0.94791878
  0.7934193   0.87154415  1.65911415  1.08153594  1.09279462  0.46287218
  0.46627679  1.08268126  0.66615464  1.16506778  1.19889923  1.09682512
  2.10530872  1.3620601   1.26092997  1.31575782  0.6672689   1.26534467
  1.54548807  0.95631949  1.32087324  0.87441675  1.43368945  0.76953643
  0.41988611  0.94594339  0.73976278  0.60246173  0.95308427  0.89974126
  0.95661529  0.7407058   0.48812264  1.30359266  1.06703154  0.29521563
  0.69117587  1.55738826  1.84572092  1.3557137   0.94790347  0.94102796
  1.68963991  1.69640978  2.21632622  1.43418972  0.74782188  0.30856839
  0.65674873  1.35941496  1.76771506  1.27468517  0.64755379  0.68438836
  1.13319886  0.79987187 -0.30680762  0.3970234   0.70991527  1.19586572
  1.46908545  1.14188528  1.15738583  1.15920774  0.85470446  1.45597494
  1.36269301  1.4999893   1.75639862  0.97494711  1.2152542   0.99894846
  0.6718451   1.19163327  0.97309757  1.27094661  0.45112601  0.87723309
  1.85419001  1.54966438  1.07096318  0.87996047  1.09137097  0.98841687
  1.35192515  1.4044315   0.61324214  1.24633797  1.44837233  0.36369812
  0.51920193  1.03338572  1.65354253  1.14832484  0.92526723  1.34007402
  1.35937248  0.82476224  0.56505078 -0.00861628  0.76473191  0.75751662
  1.01404835  1.69324128  1.13584497  0.41790594  0.99780441  1.4657663
  1.22128362  0.98905601  1.04591517  0.74047492  0.88792218  0.50625109
  0.86387783  0.59431299  1.04443083  0.9885352   1.56655152  1.34095563
  1.04881183  1.06641519  1.16820447  0.4837889   1.47887162  0.85542414
  1.44446589  1.1292601   1.007159    1.91448032  1.48543641  1.02872811
  1.26730822  1.35704823  1.37658572  0.942324    0.90383608  1.54408668
  1.66513001  0.92148868  1.7827328   1.21082277  1.17582251  0.87294289
  1.04370386  0.89249339  1.59078313  1.30233013  1.08661982 -0.18831256
  0.31164672  0.64641524  1.0259425   1.13185457  0.82158029  1.04099068
  1.20386214  1.21985774  1.14658843  1.44195601  1.88446043  1.05605952
  0.6580899   0.1447863   0.45030336  0.87057792  1.50612916  1.36819248
  1.21373828  1.03938938  0.28277178  1.05469641  0.98359958  0.80594976
 -0.21140727  0.48274692  0.64767002  0.98390033  0.69026869  0.59069221
  0.94856701  0.84865282  0.98951775  1.64424208  0.87109759  1.28811156
  1.26435924  1.37947613  0.92459128  1.43956774  1.72329029] 
KL mean 1 
[3.50000001 3.23569374 3.36761201 2.90770792 2.70365065 2.54332237
 2.54101749 2.69774177 2.64168131 2.36925258 2.03213959 1.96393575
 2.22391505 1.98114938 1.3776065  1.65557813 1.75310703 2.07205893
 2.11787505 1.72523581 1.65457116 1.84216403 1.56936379 2.17364899
 2.27405211 1.34857441 1.5673402  1.91964824 1.78724432 1.5154878
 1.90447592 2.12701021 1.60403058 1.64631897 1.65187813 2.0248016
 1.70016283 1.65363538 1.66220742 1.20418792 2.29828096 1.99623352
 2.26113442 1.70821891 2.07326054 2.01699079 1.24800923 1.26090109
 1.86155543 1.61173918 1.38819128 1.5339966  1.80082185 2.66726333
 2.17756626 1.47572508 1.48817043 1.79844397 2.27403729 2.20243805
 2.6789577  1.72663085 1.47140111 1.7062751  1.74507825 2.14204864
 1.84018881 2.03195128 2.30973098 2.20455782 1.88006609 1.43156004
 1.26914314 0.71191302 1.85337371 2.1662495  2.22137585 1.72181485
 1.7504499  1.84130957 2.45882544 2.20919274 2.16502606 2.21510557
 1.61328081 1.71188223 2.18539113 2.19976008 2.85845952 1.8746997
 2.91714027 2.51415    2.50823419 2.11986299 2.77292122 2.26396045
 1.90621869 1.84130605 1.72431172 2.62475362 2.18886069 2.26628564
 1.87858005 1.88091643 2.45472747 2.19807818 1.7877081  2.28286631
 2.04448217 2.6304636  2.42525424 1.76368505 1.82367338 2.11741127
 3.33888141 3.11266362 2.28248826 1.90634115 1.62134451 1.70754425
 2.14562761 2.22444355 1.73796629 1.34847068 1.8790971  2.05439079
 2.10557311 2.19165534 2.24943362 1.85720469 1.89225513 1.48698262
 1.66048387 2.52855721 1.94344555 2.15351062 2.03659456 2.82573566
 1.76916982 2.27543496 1.49287168 1.45695877 1.61948905 2.27074225
 1.99601726 2.31056995 2.09561915 1.26181183 1.63554295 2.06674639
 2.06547037 2.18355223 1.50764419 1.00138626 1.39270684 1.12463768
 1.48816522 1.83013289 2.56563411 2.17797312 2.02477757 1.59932572
 2.08191888 1.73742824 2.04551452 2.93610585 2.48228642 2.28772721
 2.55651767 2.69362039 3.07697898 2.20560268 1.91640235 2.20895162
 2.80630574 2.00701891 2.25960187 2.3552443  2.05482366 2.01617299
 2.31372809 1.91682486 1.54058393 1.54306296 2.3344227  2.90932933
 2.203651   2.31518723 2.31743778 3.17596729 2.56855596 1.98588111
 2.58626519 2.2739138  2.18261936 2.09823135 1.95887471 2.19790408
 2.55030922 1.40060767 1.82798326 2.06977389 1.67036334 1.73048305
 1.33706239 1.08013238 1.60685301 2.07424483 1.94590096 2.40463242
 1.56102747 2.10610393 2.32769418 1.22825043 1.61074514 1.8991572
 2.49486303 2.21787232 2.29618726 1.95506932 1.7940396  2.20971195
 1.68472318 1.78440199 2.10838269 2.10939128 2.33091808 3.07217975
 2.98214809 2.27764474 2.53542551 1.90683705 1.90836875 2.11145606
 2.54819535 2.596376   2.15358387 1.66859738 2.71368104 2.43003725
 2.93119886 2.2938572  1.95904617 1.85657903 2.0230849  1.79201829
 1.53396202 1.49304993 1.37145868 1.04546877 1.83306148 2.54358562
 2.18334805 3.41712366 2.57768561 2.3620683  2.12332016 2.54211017
 1.93650231 1.81313425 2.34825608 2.21451749 2.09870851 1.67146
 1.89097072 1.98319123 1.77389195 2.22481651 1.29914698 1.70034672
 1.69990827 2.26498075 1.88897931 1.57308354 1.39079358 1.54639012
 0.9671812  2.13427614 2.127977   2.58677219 1.93518913 1.84337012
 1.9276944  2.09486658 1.73860092 1.60946982 2.01557821 2.71812115
 2.29652058 2.2378757  0.91510928 1.351792   1.6440413  1.91507331
 1.97937805 2.16300673 2.67811121 2.82383909 2.21850147 2.16945902
 2.17899479 1.91490224 1.76898159 1.42802352 1.66712633 2.00327586
 1.93018294 1.80961364 2.15835102 2.57697871 3.60156799 2.95060523
 1.70732187 1.84543529 1.70941954 2.04707266 2.0850967  2.48935894
 2.45666184 1.90230828 2.14783817 2.37127925 2.91674882 2.20146559
 2.1572442  1.79120156 1.81113935 2.01974614 1.63911774 2.09382341
 2.17549472 2.11540832 2.15879331 1.8842029  1.75556158 1.91595436
 2.27761671 1.50094646 2.02662336 1.84931034 1.24067863 1.82512364
 1.93453575 1.9271183  1.70568056 1.96677353 1.7932043  2.32057245
 2.43112571 1.27481911 1.93861196 2.00698881 2.1973735  1.83227523
 1.7882721  1.60935932 1.82138611 2.45880887 2.58632142 1.85315568
 2.1161915  0.9659326  1.57553577 1.96511774 2.38385979 1.54324125
 1.7473964  1.30080591 1.52358839 1.21102264 2.41526394 2.16361776
 2.06987621 1.59449859 1.13120414 1.3093565  1.51590982 1.42876035
 1.84252561 1.95357184 1.80398493 1.18394262 1.49664197 2.18979325
 2.141406   2.16773567 2.11048482 1.93638711 1.63595848 1.6324755
 2.46599401 2.05695455 2.5509567  2.75521737 2.13936144 3.2560308
 2.58077378 2.06172612 2.53441807 1.87599303 1.86422847] 
KL mean 2 
[5.50000009 4.62184274 3.55083827 3.59648819 3.54366623 3.27460193
 3.44029374 2.76809178 2.84055534 3.71380923 3.30809395 3.29603499
 3.19771975 2.90264476 2.32170651 2.64494985 3.4766015  3.25256054
 3.35510356 3.20079068 3.49857118 3.42816141 3.20229592 2.528772
 2.24316412 2.85356459 2.08629003 2.28049154 2.56463967 3.16149934
 2.54855857 2.35287053 2.15590387 3.08468329 2.92903566 2.62861007
 2.52526439 3.23981949 2.75761397 2.78977652 2.94619768 2.3393763
 3.17826909 3.09450872 3.52460464 2.74633036 2.8797846  2.89733036
 2.80832372 3.22442912 2.31732199 2.27048322 3.02339642 3.43398485
 3.54647886 2.89159737 3.11779021 3.54036047 3.05301231 2.78485506
 2.94502935 2.93054679 2.45622731 2.18895659 3.20187026 2.68717653
 3.22275504 3.50921477 3.39957163 2.66827705 3.51990602 3.165057
 3.29146731 4.28317141 3.76805936 3.363483   3.00138342 2.57570175
 2.71953527 2.70933959 2.59705951 2.47043476 3.05165406 2.83833721
 2.91118918 2.84673085 2.30891701 2.83931415 2.97237618 3.29968867
 2.85218062 2.02314432 2.50887908 2.87769655 2.62241249 2.64595815
 2.34465552 3.05813164 3.75005321 2.94428092 2.23914125 2.72572132
 2.96158855 2.99322551 3.20096712 3.10194575 3.8039815  3.48052354
 4.01342755 3.20331925 3.22475227 2.85873069 3.13864544 3.0697174
 3.17100303 3.80722022 3.32723717 3.17074313 3.22514989 4.64457964
 4.22309225 3.83486405 3.44913078 3.34000422 3.06182823 2.85185545
 3.03241309 3.01022415 2.38279036 2.55539039 2.36428048 2.34727485
 2.96308741 2.45421309 2.749035   2.32194053 2.87024797 2.77207709
 3.13764165 2.51248722 3.26247039 2.74687681 2.85066561 2.61735741
 1.99379753 2.19690864 2.6417438  2.88468436 2.87427409 2.64520777
 2.98873794 2.71271957 3.18672349 2.97587241 2.81923578 2.15724894
 2.95469023 3.69863981 4.390554   3.45501716 3.4468687  3.32280529
 3.15600034 3.16280862 3.88543713 3.67114747 3.06059836 2.85717806
 3.71802099 3.40800818 3.29246282 4.45169147 3.65039895 3.41449282
 3.26054541 3.50536213 3.52549692 3.18048152 2.96038594 3.11718541
 3.05867818 2.96889874 2.41433505 2.8789623  2.49572447 2.59843644
 2.61316505 3.4420323  2.70768744 3.3210757  2.79235531 3.09758351
 3.0559397  3.14772211 2.3887705  2.86303921 3.09372734 2.72672972
 3.44639782 3.42767195 3.29831779 2.59335092 3.10113559 2.96507773
 3.07218206 3.19849784 3.93683123 2.91190175 3.46400867 3.3798916
 2.99569999 2.64467011 3.27098437 2.80268132 2.63130515 2.82378272
 3.3121132  2.67443884 3.08968488 2.97051596 3.62506855 3.07080905
 3.00000204 2.31904605 2.63269277 3.30035991 3.27090211 2.40540029
 2.63957474 2.92837022 2.37733471 2.35249882 3.26774432 2.66881297
 2.83360023 3.57425773 3.31481588 3.43966145 3.75990542 3.18871748
 2.34639828 2.58144198 3.2338878  2.83940753 3.55512869 3.59673507
 3.27903417 3.17342772 3.63914075 3.03237672 3.18519564 3.51835951
 3.16554716 3.54435016 3.52739744 3.16111048 2.70989215 2.76177193
 2.91070565 3.24580994 2.0998543  2.57061177 3.0875428  2.74390153
 2.89050456 3.96055083 3.60845978 3.88903491 3.44620328 3.10425684
 2.74481994 2.97399541 3.01561259 3.84211952 3.92874516 3.46449881
 3.56235452 3.27143688 2.05301541 2.44357024 2.66531584 2.92709033
 3.42652312 2.97109474 2.64420169 2.87703309 2.76999049 3.05808271
 2.97580708 3.12152679 3.10939041 3.27505968 3.29545777 3.96092741
 3.45558576 3.2558293  4.20458382 3.50927595 3.55837549 3.70365605
 3.61238834 3.08654569 3.18772375 2.46047322 2.95125513 3.66381325
 3.75011234 3.3828196  2.76700668 2.15613863 2.83776625 2.84187284
 2.84639388 2.98966774 2.6034574  3.64137873 3.38225149 2.59346494
 2.6741754  3.10405232 3.6403458  3.27277888 3.53012024 3.38705525
 3.61608386 2.79930191 2.23840408 2.8003251  2.82836399 2.58548715
 3.0458537  3.96052925 3.83036726 3.32492582 3.5204584  2.73053168
 2.89590729 2.59849522 2.71839646 2.88353483 3.21086345 3.54779232
 3.27789335 2.47892682 3.18670518 2.97559342 2.42403306 3.00723064
 3.28487944 3.24999744 3.03229745 2.91504962 2.28641581 2.97848937
 2.68282031 3.63934393 3.50185802 2.94168847 3.47817524 2.70649767
 3.2235441  2.79151448 2.76203641 3.29323118 3.92703218 3.23408541
 3.33776424 3.70462896 3.78154388 3.63438546 2.95802627 2.84188572
 3.6900067  3.99038885 3.31832847 3.68294306 2.87344675 2.61937028
 3.67213581 3.33482181 3.02946432 3.05731932 2.82284495 3.71069456
 3.65291092 2.89233659 3.00264812 3.42956499 3.35093748 3.08366913
 2.84360008 2.97365811 2.3497005  2.50343276 2.55930978 2.49041883
 2.5851019  3.20728371 3.59909427 3.03367047 2.23622331] 
KL mean 3 
[7.5        7.18603116 6.79272231 6.48868718 6.32230039 6.00957047
 5.84329323 5.45229842 5.30815487 4.92191997 4.86575235 4.86170752
 4.77040449 4.56436507 4.41717889 4.28089874 4.35174814 4.08311423
 4.18084413 3.94873643 3.97449143 4.1559843  4.18230667 4.4538547
 4.4717471  4.22120581 4.51001066 4.17296457 4.3273263  4.26153172
 3.93466771 3.97749102 3.59386994 3.64577509 3.67140346 3.558988
 3.93530229 3.56506698 3.61062664 4.57987329 4.24971381 4.39897922
 3.60415461 3.8114991  3.7995123  4.09997676 4.62197809 4.69111959
 4.97500629 4.89666197 4.72248886 3.98328044 4.07091161 4.45846844
 4.1739312  3.42374176 3.749706   4.31380971 4.20134903 3.94388029
 4.31388597 3.92829319 4.22903638 4.28714227 4.1154218  4.00090859
 5.13262015 4.64965361 4.3545051  3.82010054 4.04762152 4.22242552
 3.22366964 3.47272641 3.2734568  3.82252574 3.5779091  3.79258691
 4.06709211 4.09302662 3.69262753 4.05348019 4.34870685 3.21735578
 3.35293071 3.99926162 3.9613451  3.94503178 3.94483926 3.80068228
 4.33480243 4.46832522 3.18072865 3.4671995  3.75912254 4.08200488
 4.69286468 4.15017094 4.1845367  3.91805507 4.20843596 4.04021297
 4.21733327 3.79672416 4.17996028 4.13684578 4.01845286 4.17405375
 3.90527038 4.07113015 3.80653647 3.58153225 3.74624741 3.54005875
 4.63389538 4.42476387 4.74628236 4.1092477  4.58768861 4.23615942
 4.38163832 4.03321759 3.50794538 4.05306822 3.46485828 3.75102504
 3.85805607 4.80565592 3.98282454 4.2600575  3.93891052 3.67653186
 3.90779989 3.71913349 3.88997867 3.22275332 3.62856722 4.31789949
 3.53190737 3.56300007 3.96761863 3.68233415 4.3857192  3.87460241
 3.6426058  3.19861114 3.65063352 4.09221986 4.9772193  4.51193346
 4.35795817 3.30202012 3.71035022 3.59413847 3.76031367 4.19135735
 4.34253273 4.33413874 4.26872874 4.40957685 4.06587139 3.7662533
 3.99534142 4.68461391 3.94672555 3.71014855 3.43230866 3.77284098
 4.05007092 3.24243392 3.87637747 4.16822551 3.17421996 3.20155894
 3.43953259 3.97492859 4.61048413 4.07194206 4.20838006 4.16871319
 3.43379538 4.41012325 4.54183551 4.35080736 4.70583738 4.26844178
 4.21718616 3.72774303 4.19749954 3.91833552 4.24103989 4.00781219
 3.34738351 3.86596061 4.16732674 4.99329359 3.88224459 4.30867956
 3.91803445 3.91546499 4.06199248 3.93172611 4.29769754 5.12320768
 4.82822477 4.71148732 4.30669301 3.98294054 4.81816515 4.10470166
 4.25920862 3.84781163 4.07291168 4.62129659 4.00089151 4.40337878
 4.22234668 3.66440557 4.10416953 4.1819856  4.70600511 4.51413707
 4.13329723 3.46993027 3.79652348 4.50728801 4.08118933 3.89786913
 4.66656592 4.38870888 4.41680612 4.31956236 4.28354238 4.51250907
 4.47853534 3.53325072 4.18589034 3.99422495 4.097916   3.71168439
 4.34262134 4.10698482 5.02953038 4.3407696  4.83104945 4.3265739
 3.89912488 3.55349253 3.9344757  3.94470846 4.13895531 3.76196177
 4.71964806 4.35526573 4.95336401 4.31887374 4.11098642 4.66317816
 3.87080487 4.28857005 3.57406855 3.88167013 4.00955365 4.19124114
 3.60399298 4.20604532 3.70813967 3.75595775 3.73458431 4.26006482
 4.23116852 3.72460423 4.30749188 4.37641152 3.72681456 3.56711238
 3.77182783 3.95655561 4.33528536 3.19670146 3.56525638 3.85865058
 4.08734229 3.70426205 4.36674927 4.92091779 4.52853895 4.07093145
 5.03471098 4.34099613 3.92601817 3.81733203 3.88165689 3.99494204
 4.23084338 4.45019162 4.20233221 3.65313197 2.91065442 3.67530512
 3.76352486 4.04167568 4.23992097 4.14650043 4.20976616 4.011778
 3.93032329 3.36013072 4.33904044 4.83609041 4.69329503 3.74039156
 4.70665893 4.67242423 4.29474492 4.41347098 4.27513094 4.27365405
 4.38205116 4.51334598 4.01048082 3.63281311 3.47936125 4.04752006
 4.14740831 3.15522938 3.67417755 4.05144066 4.11484242 4.27212276
 4.07364033 4.5635189  4.24189569 4.62378202 3.876845   3.8225018
 2.7857169  3.6713931  3.86686773 3.51720103 3.84027661 3.96286779
 3.9377844  3.44501987 3.76715653 4.00291201 3.49021599 3.26709361
 4.06177069 4.62167991 3.70312333 4.04967637 4.01396017 4.37590895
 4.01057817 3.66548827 3.6990201  4.5832789  4.45983139 4.4397811
 3.82392556 3.77602108 3.34308129 4.05826944 4.43278422 4.60142286
 4.65907938 4.51848703 3.99493405 4.04601199 4.03534034 3.51408251
 3.63696891 3.89539695 3.36167717 2.67081928 2.87733548 3.47323502
 4.01830637 3.46749625 4.04033697 3.71940047 3.3912731  4.40778416
 3.64878327 3.92420728 3.87076171 4.47450857 3.75369556 3.72938772
 4.11361842 4.06849279 3.74319073 4.08051386 4.18089581 2.7143586
 3.07100762 3.47643841 3.64315879 3.6452471  3.76209596] 
KL mean 4 
[9.5        8.94816222 8.50485501 8.16145457 7.71391142 7.27356885
 6.95576649 6.75733402 6.46151927 6.15391716 6.06007213 5.97557276
 5.46782088 5.38272077 5.32189327 5.32238076 5.10569608 5.18583023
 5.23674421 5.10539482 5.06486834 5.25323235 4.94503847 5.11842786
 5.28069164 5.12028233 4.85646711 4.95891756 5.07761875 5.08619228
 5.4132833  5.00649868 5.12982092 4.89418506 4.47607704 4.21973982
 4.90840693 4.88428491 4.76823785 4.60955469 4.97354215 4.61791528
 4.64714196 4.63837286 4.67979015 5.32013908 5.31724471 5.32261774
 4.38490945 4.67699175 4.49993354 5.293026   5.0578588  4.53527958
 4.94503622 4.97325455 4.48463228 4.56085042 3.83398316 4.407659
 4.78386033 4.99597658 5.36916604 5.26298269 5.18919418 4.47048557
 4.88708135 5.00500217 4.62431164 4.9867798  5.79784452 5.32301173
 5.65554255 5.69777759 4.7792513  4.76701334 5.15818012 4.47763444
 5.02602311 4.07998235 4.57620735 4.51040717 4.61381745 5.26823053
 5.19419619 5.2452767  5.27178439 4.94218795 4.68788279 4.7519866
 3.99630463 4.68400941 4.90320535 4.9708047  4.39263398 5.71355945
 5.30221109 5.18710161 5.19263844 5.15437049 4.95258811 4.83581702
 4.89975002 5.6144527  5.46745646 4.99178749 4.46404562 4.48805826
 4.48021642 5.38992129 5.41362547 4.71674803 4.99775122 5.3040997
 5.67400496 5.5588633  5.34175864 4.36589647 4.74088614 5.10814214
 4.5863096  4.73086083 5.79800032 5.5438875  5.53124878 5.31555937
 5.06725162 4.92751646 5.13446944 4.78661102 5.36409503 5.41643249
 5.21447516 5.34815628 5.21111535 5.12271401 5.45720201 4.49336537
 4.96011566 5.19067916 4.95572189 4.9578821  5.81783453 5.4375205
 6.32343354 5.21245218 5.12730755 4.75796158 3.65347451 4.13447585
 4.44118111 4.59527844 4.68598026 3.97530341 4.17534544 5.03615478
 5.10618224 4.98950219 5.49886984 5.26715469 5.33480176 5.07770455
 5.23444897 5.37979749 4.98923441 4.86179837 4.63018444 5.06205106
 4.67876738 5.28976954 5.20387284 5.21875452 4.6895962  5.2876566
 6.21600218 5.55935793 5.10986402 5.53354652 5.02343883 5.35292137
 5.72460872 5.35034715 5.6360145  5.07135906 5.21739707 5.31641759
 4.96495124 4.10639215 4.56079149 4.70926426 4.44629234 4.70050981
 5.31009916 4.96704752 4.17765509 3.82120144 4.54538788 4.3126633
 4.33897432 4.59259567 4.08454027 3.88143288 4.58955612 3.97240793
 4.57467834 4.47773509 3.93384351 4.36185976 4.30758317 4.35363871
 4.10205801 5.0348166  5.25362566 6.41631434 5.76385965 5.39406859
 5.79169925 5.42163508 5.09478117 4.91185773 4.4782781  5.18177789
 4.78740599 4.85246337 5.06717564 4.6512632  4.53695496 4.2922033
 5.0017032  5.54878637 5.84880085 5.17728984 5.02493123 5.11409849
 4.75698058 4.44103241 4.65310775 4.48196669 5.30614401 4.88134207
 5.32176694 4.4343025  4.3653701  5.42075864 5.61784841 5.40181191
 5.36623439 5.0723228  4.75224065 4.68940309 4.65555174 4.5390648
 4.80873573 4.48094373 5.24994975 5.47722013 4.87080265 5.10334
 4.35712258 4.62183178 4.9097308  4.22558531 4.68118381 4.63669531
 4.81116301 3.91489442 4.39086036 5.09281316 4.65259599 4.26829849
 4.87988435 4.88593875 4.31472209 5.37469691 5.08155546 4.71864795
 4.41864449 4.96956478 5.57989721 5.47828188 6.02227697 4.98435188
 5.05834566 5.27804921 4.87009801 5.02210844 4.89263653 4.98686418
 5.65396663 5.20708892 5.32069492 4.97304617 5.14163512 4.95369827
 5.11467764 5.63343498 6.10525198 6.08670668 5.61949026 4.52369411
 5.0274661  5.04034946 5.12101415 4.86155032 4.94127752 4.97549362
 5.3608311  5.15781964 4.54078502 4.66093676 5.03453201 4.74174898
 4.0066706  5.12588327 5.80879312 5.30059644 4.59010897 4.96368702
 4.5515809  5.24721267 6.06880306 5.61293702 6.48640402 5.79629528
 5.0476718  5.19132478 5.07167177 4.99103374 5.11372288 5.37387873
 5.80056267 6.00386894 5.35049541 5.05607448 4.63545564 4.54343002
 3.90930708 4.37378164 4.58403367 4.42870346 5.07319749 5.04007626
 4.86473014 4.78806642 5.1549001  5.01703328 5.4370942  4.9549184
 5.62337881 6.48554216 5.87842865 5.32296176 4.48285205 4.65490018
 4.52908282 5.20688435 5.37070134 5.77582161 5.320938   5.57440107
 5.36061354 5.97141337 5.88521321 5.74509165 4.41536225 4.65123123
 4.74797147 4.42081525 4.59861228 4.99821575 4.47481425 4.7673755
 4.9078026  4.76688582 4.66621595 4.30063968 4.43271532 5.03366928
 5.37626567 5.1787134  4.97302827 4.75188609 4.70567259 4.83627176
 4.08622593 4.89418865 5.09764219 5.24123418 5.3268696  5.89200475
 5.89149957 5.83573557 5.56401919 5.52066994 5.37724812 4.64670926
 3.98685584 5.07167064 4.83205255 5.22930057 4.33958381] 
 KL log scale 5 
[ 1.10943791  0.72524415  0.8069099   0.82195274  0.82070531  0.9273673
  0.88824627  0.90857662  0.90698559  0.85209984  0.78221325  0.80925385
  0.83109812  0.78560252  0.88083188  0.4788149   0.62909335  0.86445669
  1.1230831   1.09662865  0.78626369  0.34521308  0.64248851  0.62789236
  0.77477743  0.34426972  0.62599561  0.74659391  0.8157984   0.61708911
  0.80540636  0.73121939  0.95814101  0.98293641  0.28631726  0.59516733
  1.08786937  1.10345291  1.46063758  0.23748471  0.60431097  0.92237699
  0.72701761  1.06401447  0.6431579   0.80516874  1.09776857  0.31991082
  0.5475268   0.90043685  0.75720996  1.02315404  0.64030669  1.00858732
  0.92809396  0.39383539  0.90243846  0.7996006   0.32190738  0.84031798
  1.04300879  0.73040189  0.9994565   0.47121127  0.92429277  0.60720562
  1.08032378  0.44934159  0.96605018  1.30547669  1.33882747  0.52319305
  0.6749543   0.2807113   0.79800112  1.21533729  0.46028712  0.62430982
  1.13337966  0.56451002  0.95096503  0.88663669  1.13389693  0.16132311
  0.4913399   0.75983054 -0.13947922  0.46184458  0.90332369  0.45843544
  1.00010551  1.1459073   0.57815191  1.06729143  0.61858572  0.78578748
  0.98137007 -0.08558652  0.42264734  0.65124983  1.08132187  1.28062219
  0.33428566  0.73786462  1.06436213  0.75690255  0.92486142  0.87121573
  0.89585674  0.98230715  0.73079182  0.77831592  0.12965782  0.80149663
  1.10694507  1.36055066  0.29549842  0.749487    0.87217753  0.35820597
  0.73027305  0.70713396  1.20594939  0.398685    0.67368215  0.78546596
  0.98902728  0.51841299  0.72699529  1.02636145  0.99599453 -0.01313768
  0.60613698  0.81401832  0.93921988  1.03734278  1.39764757  0.76636133
  1.27514697  0.76136652  1.0235403   0.72236717  0.69388729  0.88588486
  0.54206022  0.94361197  0.02958125  0.72404111  0.87834275  0.51064387
  1.01766545  1.05241169  0.73719968  0.92060969  1.13994721  0.09570204
  0.65831345  0.69956222  0.91616038  0.90931632  1.08758033  1.14644188
  1.10485808 -0.1422764   0.39636905  0.65840934  1.03867153  0.64233656
  0.94922579  0.99163168  1.17918485  0.78449513  0.68267198  0.92196082
  0.80783978 -0.14862758  0.5597039   0.99067928  1.20053609  0.07016517
  0.32461759  0.81962498  1.12350771  0.00906036  0.42821562  0.79063672
  0.79784849  0.56232209  0.29069967  0.5276253   0.46685052  0.85167722
  1.19323712 -0.11892403  0.270967    0.5959997   0.86878248  0.56788944
  0.61351322  0.62071968  0.70188509  0.53542982  0.8701495   1.2666448
  0.91471088  0.55715824  0.78037367  0.60440171  1.0290263   0.81142345
  1.20582423  0.7218456   0.34460015  0.83977257  1.22950606  1.02620015
  0.57045788  0.90141527  0.6659226   0.69506693  0.32732455  1.03379463
  0.22480299  0.7546759   0.84380756  1.24480944  0.81305596  0.90911048
  0.38075519  0.40048084  0.8814613   0.58174923  0.67576569  0.70259069
  0.98438776 -0.11170014  0.58554181  0.65339018  0.26493375  0.90667951
  0.69520199  0.939699    0.18575376  0.67093808  1.19127031  0.07186277
  0.5568961   0.70999955  0.46896965  1.01578062  1.21445557  1.11039698
  0.06823235  0.52882585  0.61198656  0.74901617  0.94486071  0.36852176
  0.8397668   0.48592993  0.8300583   0.98080948  0.36422678  0.82910603
  0.77045931  1.26018525 -0.10979346  0.24228183  0.59758285  0.71836866
  0.94527847  1.15025993  0.38558954  0.53594784  0.76454406  0.56582529
  0.72558298  1.01089058  0.97718062  0.75099982  0.70165746  0.78982459
  1.2257263   1.20110533  0.21712955  0.76095873  0.11756659  0.62623577
  0.03289253  0.53294499  0.81863195  0.66196863  0.67591549  0.37763662
  0.80138744  0.9413571   0.26217156  0.67024686  1.03049092  0.0114669
  0.51185889  0.61495184  0.51965449  0.96816401  0.36853301  0.73329519
  1.19619992  0.36541392  0.80765638  0.66956735  0.85414273  0.77113753
  0.92284173  0.17025966  0.7038076   0.6015131   0.68992202  0.58490621
  1.01358265  1.38876807  0.29242389  0.74559469  1.06164971  0.68532157
  1.07426421  0.591112    1.08716442  1.04475421  0.78355791  0.54493285
  0.60939409  1.09074832  0.5584173   1.06404636  0.46891696  0.83264595
  0.6082233   1.33312725  1.21555562  0.18463713  0.55718027  0.9077253
  1.07276394 -0.17976974  0.26772081  0.66481754  0.82039681  0.58004556
  0.51790602  0.78960621  0.92924544  0.87054937  0.99017184  1.14646116
  0.82034175  0.84738147  0.26362816  0.9040892   1.24544335 -0.0782697
  0.33029729  0.49682156  0.75441579  1.00082948  0.56620004  0.95562319
  0.67693431  0.82239022  1.23313103  1.18773386  0.43696494  0.74316621
  1.08581902  0.72584707  0.43677432  0.69017269  0.96458    -0.01428153
  0.45711371  0.8928606   0.67372471  0.92296238  1.31390266  1.33590227
  0.01281615  0.31375438  0.61238095  0.77308293  0.82860276  0.76147101
  0.88037977  1.06668958  1.1474986   0.94828038  0.55897211  0.97664873
  0.04139562  0.45412083  0.79970569  0.76985419  0.98170386] 
 KL log scale 6 
[ 1.10943791  1.09826477  1.1665195   0.71415848  0.62716147  0.66530552
  0.85742293  0.80750086  0.81717863  0.78568084  0.81255568  0.78866519
  0.81685664  0.81428354  0.74059693  0.76310456  0.74890065  0.78354427
  0.61354531  0.78093331  0.9482135   0.69266732  0.82690432  0.7783406
  1.13020457 -0.11983363  0.23095153  0.41652264  0.66905669  0.89682481
  0.3885879   0.66667461  0.79849411  0.73932812  0.81768197  0.63343356
  0.50194739  0.81310462  0.80721414  0.90571164  0.05373437  0.52879056
  0.93368791  0.69157997  0.22585333  0.59313915  0.74143853  1.22027264
  1.23681472  1.26110877 -0.13483233  0.22548742  0.51421746  0.50437648
  0.72712119  0.53151428  0.71139563  0.95882405  0.77394551  1.01990221
  0.84698913  0.61766917  0.80635745  1.1068249   0.68340038  1.2069588
  0.42519498  0.63032222  0.85066369  0.81912528  0.1935388   0.55565092
  0.79965797  0.97293263 -0.07338645  0.37615844  0.60622597  0.86805902
  1.17917627  0.36384146  0.62342683  1.03638834  1.22711859  1.27927827
  0.06923502  0.4873349   0.6994894   1.05702114  1.13064001  1.03043999
  0.50355485  0.91291013  0.90745552  1.16945282 -0.2412598   0.05827037
  0.30698934  0.46004481  0.71435974  0.58911202  0.80204174  0.78413714
  0.91294468  0.57522521  0.51144064  0.67137137  0.57476332  0.77764535
  0.94889622  0.52858462  0.73789173  0.75210669  1.11118267  1.43779805
  0.45893533  0.87463407  1.07386847  0.43652783  0.80223062  1.07297356
  1.21437765  1.0229212   0.6424093   0.34417755  0.50051652  1.1119695
  0.0856456   0.4309434   0.93370746 -0.06230641  0.37643769  0.40720148
  0.69053796  0.71124173  0.56135601  0.96909643  1.11090282  0.72440439
  0.3879042   0.86993129  0.41323328  0.65576596  0.5663883   0.62921209
  0.68701441  0.34493872  0.9511478   0.35825784  0.87862734  0.91135525
  0.61673873  1.22366443  1.14209443  0.92768082  1.64728506  0.10425611
  0.24978977  0.45896751  0.42829681  0.53470515  0.62652262  0.69287959
  0.83214831  0.78846176  0.98129725  0.37234088  0.62168727  0.90376334
  0.77886791  0.8369407   0.72184371  0.94324804  0.98245685  0.59046093
  0.70452492  0.71106653  1.00080748  0.03848746  0.34244773  0.64389832
  0.88569913  0.70408397  0.81686154  1.06472286  0.8610247   0.46247688
  0.73575869  0.58438526  0.8901374   0.50588044  0.67406909  1.07891068
  0.5065692   0.77132644  1.10865219  0.1918524   0.63746977  0.56118415
  0.97258962  0.4340936   0.93821146  0.18382084  0.6183794   0.69933729
  0.88318489  0.56940297  1.0890641   0.51366936  0.76141282  1.14235392
  0.34389407  0.81009041  1.17819841  0.06060049  0.52433686  0.83614637
  0.38901363  0.76276796  1.11362063  0.43402045  0.76938087  0.46935731
  0.89639991  0.06045672  0.37735545  0.74620667  0.89621714  0.77481682
  0.9122146   0.70825863  1.18777879  0.08403345  0.54125066  0.98525789
  0.87495207  1.09912519  0.9896092   1.0014945   0.68752224  1.11186198
 -0.1704691   0.21373254  0.63830159  0.89753117  0.79494171  0.835318
  0.31016306  0.52686215  0.63478315  0.70910262  0.69745978  0.4266185
  0.91972131 -0.26474361  0.11566214  0.51125862  0.81954752  0.68373196
  0.92049578  0.67811284  0.40772128  0.80178925  0.77085164  0.53842675
  0.71270585  0.95417737  1.34373028  1.03333026  0.28119803  0.61973272
  0.33320933  0.87370827  0.99701243  0.6053741   0.88846724  0.81163933
  1.03243174  0.78541288  0.82969922  0.85800809  0.1316364   0.84999472
  0.8182479   0.75728765  0.93212384  0.42229746  0.68636335  0.71083742
  0.93201604  1.54133141  0.00367278  0.28109316  0.44132449  0.48916785
  0.68501868  0.93217568  0.56521597  0.86629248  1.00363786  0.84642424
  0.78922586  0.8385454   1.04665292  1.27455135  0.30790613  0.65246457
  0.99552766  0.56828782  0.5404769   0.76325931  0.53454204  0.87392178
 -0.05622379  0.35894385  0.67161244  0.79001272  1.21096602  0.73765878
  1.05413879  0.58272229  0.75813642  0.91801113  0.07577243  0.41629934
  0.83431873  0.5046579   0.53581145  0.67043764  0.74041989  0.65431457
  0.60103478  0.97562578  1.05076366  1.04844478  0.07834151  0.65087905
  0.98249192  0.60457946  0.60347605  0.79019589  0.03521098  0.59438322
  0.59860456  1.17788852  0.29543506  0.60749716  0.54219257  0.79936142
  0.9122322   0.36525365  0.22262149  0.83987029  0.61442756  1.08926769
  1.18936403  1.3815181   0.47951969  0.97737772  0.24920239  0.75177233
  1.01571083  0.13397807  0.65539035  0.9542446   0.42153371  0.58621741
  1.03257534  0.27314605  0.85026706  1.15515396  0.24550919  0.62534787
  0.54167012  0.91604556  1.32514434  0.60392663  0.85777235  0.8980221
  0.41125417  0.70681199  1.12722831  0.55878496  0.95223446 -0.14197345
  0.26515348  0.5942219   1.07069852  0.67271885  1.01540256  0.91348488
  0.20243225  0.66393245  0.91409654  0.81630735  1.12424779  0.00354774
  0.43391185  0.75200252  0.5797295   0.84811898  0.88036351] 
 KL log scale 7 
[ 1.10943791  1.00394811  0.94977055  0.95541121  0.87948157  0.8779869
  0.92932152  0.84772923  0.80419558  0.71872494  0.77189406  0.71529888
  0.70858958  0.79860191  0.77486774  0.81309354  0.72543872  0.71080599
  0.80784011  0.78865177  0.6453614   0.75950972  0.79283236  0.86441454
  0.75901456  0.94281394  0.52397015  0.62385911  0.77964579  0.90709799
  0.97489815  0.87209137  0.72391499  0.26734563  0.58181386  0.75797822
  0.82426912  0.82929629  0.74270042  0.65922554  1.07511796  0.6795797
  0.30774717  0.7380273   0.78547932  0.66832483  0.80406202  0.4617606
  0.86793971  1.1162199   0.565988    0.8928065   0.4519347   0.96547662
  1.12360434  0.62896848  0.54217564  0.96450542  0.67195834  0.99008689
  0.57730397  0.87667446  0.81416176  0.6128577   0.75681479  1.1158737
  0.43473678  1.09164742  1.37474772  0.54971151  0.28084333  0.79328272
  1.15887535 -0.16379614  0.37683     0.80529921  0.76513701  1.026696
  1.10470728  1.356994    0.18227533  0.62528046  0.65666502  0.4044058
  0.76862129  0.6396256   0.86345234  0.66339888  0.94395954  1.37974487
  1.62799733  0.33990502  0.71779655  0.84014213  0.99685187  0.91059479
  1.1239935   0.7472853   0.70655681  0.81853388  1.08123913  0.83902067
  1.06389979  0.76904304  0.8633885   1.3143793   0.45490511  0.61202647
  0.67717711  0.85288738  0.39072661  0.84676159  0.68634114  0.71177576
  1.3429882   0.49334528  0.88429307  0.84174998  1.49326    -0.04944889
  0.12106006  0.29030315  0.44457197  0.53760398  0.71582565  0.76478359
  0.79918458  0.93342036  0.503171    0.64749219  0.75572216  1.0211476
  1.0818024   0.60574968  0.73166447  0.94722022  0.83967339  0.72407365
  0.94767996  1.01671569  0.75507524  0.85017272  1.18318394  1.08754839
  0.55503702  0.97673722  1.08605538  0.57306377  0.72946815  1.05630569
  0.96060026  1.21368811  0.83915439  1.01574711  1.11278656  0.27262189
  0.60337303  0.9167288   1.0105165   0.2870527   0.81963106  0.81305168
  0.17360665  0.52135532  0.55674777  1.06659296  0.55962242  0.67275139
  0.68863495  1.09705104  1.4783389   0.01167681  0.21885342  0.39657098
  0.55890346  0.79428687  0.55820501  0.61947665  0.50310484  0.62369478
  0.66041086  0.92062223  1.04976053  0.88280404  1.01215891  0.95261536
  1.05214064  1.1303959   1.02525967  0.87100547  0.32702059  0.73493892
  0.91281648  1.02249472  0.81160171  1.26050184  0.38524132  0.95516387
  0.27810718  0.45057878  0.97662739  1.30089834  0.07245228  0.52508322
  0.82899367  1.00062408  0.61972661  0.54322105  0.84694771  0.83671278
  1.16223247  0.94436635  0.26280488  0.68535715  0.95590501  0.61305919
  0.99671213  0.2609364   0.75455624  1.12767543  0.01336951  0.43358931
  0.85877279  0.40621468  0.63758741  0.43623391  0.8378256   0.53814334
  1.06889916  1.1702355   0.423403    0.9980442   0.84194105  0.14412889
  0.65971048  0.3300256   0.83143285  0.66618419  1.02265005  1.13102355
 -0.01273624  0.51544957  0.76568871  0.96044292  0.83352017  0.8475531
 -0.06380423  0.40181089  0.66290777  0.99088781  0.34326251  0.80127892
  0.74388755  0.78141616  1.13538838  0.68199553  0.92080562  0.82575558
  1.13876086  0.56317497  0.29840144  0.81495963  0.60609411  0.66388771
  1.2244981   0.30111305  0.88627468  0.06292577  0.65145538  0.95667041
  0.57673308  1.07773554  0.72602603  0.69002803  0.77551319  0.78559984
  1.14186688  1.39800545 -0.03575428  0.28327328  0.59127421  0.72075931
  0.81343556  0.78287963  0.9244701   0.93091201  0.55358606  0.86665986
  0.51408141  0.92459029  0.309819    0.74690072  0.75126656  0.86942283
  1.28602145  1.45135736  0.81626404  0.86966028  1.05582752  0.96911874
  1.33312101  0.23663087  0.73049195  0.99170977  0.97140568  0.07209868
  0.53240073  0.87553502  1.06778416  0.10781899  0.46288108  0.5835254
  0.85120032  0.57798968  0.5886952   0.30635984  0.76118882  1.00149127
  1.00148398  1.12397136  0.74304954  1.26818145  0.53864784  1.0287549
  0.74725127  0.46316389  0.86647356  1.02511258  1.16471108  0.45037848
  1.07567439  0.19566122  0.7704445   1.16850218  0.68203979  0.99689393
  0.88414209  0.73447984  0.50322318  0.98898436  0.1996499   0.76134758
  0.59952962  0.46518538  0.69596329  0.82211846  0.60353089  0.96371833
  0.03685107  0.68407149  0.78297482  0.7621796   1.07655308  0.05871628
  0.6791446   0.88166377  1.40278411  1.0534908   0.69383585  0.92463053
  0.37427872  0.63900039  0.7760038   1.42375414  0.48377185  1.01988333
  0.52656705  0.62575123  1.09254973  0.17650086  0.72606595  0.78235293
  0.85161882  1.14699751  0.90424216  1.1573949   0.2095262   0.7403052
  0.03778438  0.5880506   0.89583991  0.81567229  0.61292907  0.59041156
  0.97073477 -0.2252704   0.23586799  0.50086358  0.68988507  0.95716387
  0.86051246  1.02007808  0.64405701  0.95905109  1.15749031  0.13390237
  0.65338719  0.84950485  0.51685885  0.96358116  0.44166418] 
 KL log scale 8 
[ 1.10943791  1.10224654  1.04302964  1.00108314  1.02759362  0.91830481
  0.89119646  0.82267821  0.85212678  0.81431743  0.78245612  0.79803103
  0.85470165  0.88177909  0.90030622  0.79100562  0.86733081  0.891041
  0.82671099  0.8221297   0.7433237   0.72368674  0.73345917  0.74198633
  0.86292742  0.8334952   0.79121808  0.73264398  0.80560785  0.95487334
  0.94510484  1.07791816  1.06443212  0.7298846   0.7041072   0.77274125
  0.84589147  1.02224501  1.13055807  0.48744107  0.63752713  0.80604039
  0.66867087  0.96662506  0.5010618   0.7860511   0.76862907  0.85109815
  1.05512719  1.27230873  0.48792488  0.38455394  0.50536241  0.65275756
  0.69842269  0.63468913  0.83008062  0.47245895  0.89439672  0.5844821
  0.92640196  0.61030308  0.9417388   1.21209142  0.9700932   1.13821264
  0.61985965  0.42624014  0.83170204  1.15463432  0.70263113  0.91160546
 -0.1391635   0.49410131  0.94886893  0.82756818  0.34633928  0.85442899
  1.18167189  0.85101033  0.97569905  1.01544485  1.07504246  0.60243601
  1.21052651  0.30101613  0.75832183  0.98250518 -0.10168927  0.38123167
  0.73737909  1.02747652 -0.07044704  0.38249321  0.73300752  1.10479671
  0.43898397  0.81094594  0.44036537  0.62250332  0.96334442  0.92284499
  1.07719271  0.38807004  0.60381884  0.94229628  1.17021321 -0.18867986
  0.10888765  0.40011074  0.73941584  0.94062578  0.78070083  1.1430965
  0.47481718  0.80605747  0.93662509  0.4330698   0.74901393  0.269378
  0.67630838  0.7936071   0.78066115  0.87671362  0.77696409  1.27529661
  1.55599264  0.33853288  0.64800914  0.91108982  1.02630708  1.02341499
  1.10269178  0.27728337  0.60482857  0.24303287  0.53405172  0.67553491
  0.71516943  0.99661408  0.53209412  0.90549342  0.25428757  0.73446737
  0.96379818  0.62227274  0.70390693  0.42405582  0.62047193  0.97881228
  1.18639335 -0.19292983  0.16937835  0.25654313  0.61387656  0.64802046
  0.8056291   0.92134533  0.94049621  0.80328549  0.74570968  1.04647704
  0.90064205  1.07125731  1.03358588  1.34882336 -0.14527022  0.11381476
  0.33394953  0.47133911  0.67647071  0.7625377   0.650597    0.86394649
  0.77449646  0.71773413  0.90352876  1.02070106  0.92801431  1.09464763
  0.98623333  0.34815068  0.66159852  0.90990513  0.28150202  0.67736743
  0.23907415  0.68976084  1.04550526  0.95948349  1.2902943   1.2028818
  0.53358932  0.88374172  1.11479938  0.73209354  0.54438701  0.89770634
  0.99977247  0.58758804  0.22057678  0.80944107  0.88019684  0.56866844
  1.06758846 -0.01651759  0.52480917  0.92401997  0.42612537  0.63347441
  1.03327417  0.99947205  1.11362475  1.14699295  0.79884583  0.92152399
  0.64834159  0.77324435  0.17637802  0.87470395  0.20279954  0.95230492
  1.39858169  0.57990738  0.99387805  0.03323551  0.51935041  0.98160545
  0.68754907  1.00190203  0.4355519   0.76507794  0.99684358  0.44027895
  0.80128929  1.16311038  1.09538163  0.64366832  1.01861591  1.22612808
  0.12522105  0.65671456  0.71109485  1.03561667  0.81649779  0.65707679
  0.89803887  1.01967739 -0.15185627  0.34579479  0.75009135  0.95122068
  0.27826435  0.64103015  0.87457689  0.73591416  1.07702511  0.61604533
  0.37281317  0.89903573  0.96997349  0.87133112 -0.10633689  0.42933113
  0.61990001  0.64128389  0.63506521  0.67387161  1.1537919   0.14393245
  0.63757079  0.73649637  0.7989984   0.95180021  0.82510653  0.83248107
  0.24945286  0.8750967   0.99689479 -0.13583443  0.36202308  0.80790482
  0.96034105  1.21088551  0.8857613   0.61718689  1.10038446  1.34439906
  0.69489687  0.58856363  0.72907742  0.8298465   1.00018668  0.50105261
  1.12057192  0.31698897  0.88038673  1.06460361  0.57705622  0.80278255
  1.22502424 -0.0153081   0.39876186  0.72860536 -0.06749089  0.39651462
  0.81133413  0.88331506  0.093811    0.4331801   0.77074673  0.91644957
  0.43503408  0.70003381  0.10135405  0.61953457  0.88229748  0.83440141
  0.35932583  0.61859519  0.9621579   1.14973043  0.07189916  0.55089433
  0.86454403  0.89105334  1.00576494  0.23660107  0.67369511  1.16932828
  0.96267963  1.16176411  0.85280534  0.48216065  0.82614973  1.16063471
  0.18475778  0.54303412  0.68586408  0.8847086   0.46154196  0.86277307
  0.75908057  0.50988495  0.58414623  0.95552585  0.8646594   1.35910282
  0.42125031  0.56063431  0.88000485  1.32063534  1.46865551  0.42558147
  0.8813016   0.79211036  0.53706198  0.7242477   1.02324639  0.50782184
  1.02329771  0.2362959   0.65232728  0.48999812  0.97466252  1.3953303
  0.31654459  0.74340554  0.83804233  0.32295929  0.87669778  0.92322693
  0.58029049  0.89090597  0.76997023  1.14773279  0.34895703  0.99347159
  1.08623057  0.84060249  0.03365483  0.44406798  0.85964432  0.6724179
  0.80522545  1.07185884  0.58515378  0.34688197  0.85143495  0.49880066
  1.02565403  0.41544536  0.85428674  0.9797554   1.62843286  0.10951466
  0.33118909  0.44963209  0.6442702   0.79776433  0.60704601] 
 KL log scale 9 
[ 1.10943791  0.9927571   0.98858097  1.00377796  0.86613218  0.54707673
  0.62392984  0.66978105  0.74225659  0.71748249  0.65390303  0.78523076
  0.48433651  0.60146836  0.58542914  0.58300671  0.59741543  0.75170024
  0.87020826  0.68109177  0.76800485  0.9437777   0.83018625  0.68797866
  0.75229746  0.9346657   0.59978639  0.66348704  0.87595275  0.95157484
  0.84199444  0.67795671  0.8054802   0.85407399  0.5280425   0.75834435
  0.72459751  1.13715376  0.58758011  0.75987005  0.95805242  0.70241254
  1.23699284  0.58134229  0.98283614  0.29637938  0.68431384  0.99875246
 -0.05471266  0.39311507  0.73936002  0.8389126   1.25368383  0.17082146
  0.44088324  0.75018554  0.74027418  0.75630261 -0.13660959  0.31542691
  0.52262759  0.74141604  0.99242826  0.98762711  1.03498676  0.49431451
  0.88106174  0.9293578   0.60742748  0.82749447  0.46570223  0.94453838
  0.62586104  0.60213734  0.69721632  1.03715667  0.41334666  0.5927297
  1.04971822  0.02958539  0.59903213  0.8643447   0.7235828   0.32418555
  0.77776943  0.99938025  0.12627451  0.64773213  0.6903948   1.06865147
 -0.26958771  0.11731274  0.52589029  0.85384524  1.04129543  0.1587535
  0.53208495  0.79552639  0.45884777  0.78046145  0.76913195  1.03422625
  0.68261213  0.86300002  1.10763912  0.53965731  0.5284722   1.03065223
  0.8854439   0.73430341  1.05557349  0.3623732   0.85415504  1.03856925
  0.13277309  0.47014652  0.98937789  0.53923069  0.98124266  1.00541491
  1.11853444  1.22429968  0.03137278  0.47689842  0.76367807  0.9334722
  0.94818176  0.86143902  0.4275603   0.61016751  0.63273464  1.0040754
  0.55653108  0.91323871  0.25110545  0.59327892  0.83625278  0.8249133
  0.98569668  0.43385591  0.86093116  0.88754068  0.24336606  0.87032487
  0.93181041  0.71727201  1.09099127  1.32143616 -0.17323716  0.14151733
  0.44999383  0.74683028  0.95968273  0.72932111  0.6411794   0.57431818
  0.77519389  0.85504065  0.5731874   0.86903615  0.92147035  1.10159506
  0.8826966   0.41380321  0.82131201  1.00970269  0.55144935  0.94199193
  0.97611062  0.63010915  1.15773054  0.8640491   1.2403072   1.12514707
 -0.13474726  0.32555788  0.2635657   0.55667327  1.02619548  1.08967206
  0.63324484  0.87876574  0.34114868  0.86784026  0.93917256  0.89684591
  1.10726046  0.41893487  0.80825171  1.05510719  0.25347522  0.85038459
  0.95876892  0.96744911  0.53175727  0.53602284  0.60173565  0.73665576
  0.61844872  1.14960662  1.05967358  0.27095021  0.97287442  0.20747304
  0.77173465  0.58135135  0.89649274  0.83771697  0.11494483  0.65886876
  0.84646232  1.15891492  1.61984211  0.17042774  0.47444907  0.69198443
  0.75623087  0.63410828  0.56269444  0.84701548  0.49954371  0.67465459
  0.55806335  1.01684495  1.02285073  0.95085844  0.78438691  0.77959216
  0.5235973   0.69841109  0.55811713  0.87287321  0.15608888  0.78832501
  1.01149226  0.38566169  0.89688407  1.11855211  0.98690324  0.44260437
  0.56538619  0.83360221  1.22653598 -0.09036555  0.32638661  0.73960262
  0.91785901  0.98690525  0.3904716   0.60703874  0.62331473  0.97864638
  1.26804834  0.22191493  0.54217415  0.83749787  0.86168271  0.96596622
  0.57633942  0.8384135   1.23797577  0.4393322   0.90039586  0.86381038
  0.85854947  0.64372541  1.03590385  0.60063725  1.02903126  0.02503423
  0.53396622  0.77046102  1.17738735  1.1313283   0.94661841  0.57724735
  0.78540607  1.22152366  0.71500372  0.9647855   1.01498011  0.32703691
  0.91582044  1.05734621  1.52329671  1.30544309  0.67259276  1.26709
 -0.16761722  0.14531618  0.36258259  0.66548227  0.77006518  0.97441245
  1.07051575  1.02472089  1.08540423  1.04789062  1.36022196  0.46058649
  0.80214117  1.06488632  0.86134519  0.19351254  0.51827098  0.79128293
  1.03861423  1.0418234   0.52588293  0.85373407  0.6357453   0.87815373
  0.89787422  1.04908788  0.21622736  0.66028521  0.03171863  0.5956352
  0.57815762  0.72832946  0.23489545  0.8808438   0.14883398  0.47144331
  0.52713009  0.66093627  1.13252175  0.5212578   0.5960672   0.73953956
  1.00623876  0.94546847  0.42291666  0.91404388  0.71479702  0.98092554
  0.90219881  0.26805876  0.91150732  0.63481583  1.04086093  0.19758281
  0.8070398   1.07718096  0.90175098  0.95280065  0.03364491  0.54705393
  0.83624511  0.0446956   0.76404574  0.80373488  0.78649674  0.93536178
  0.86325091  0.84424923  1.08448463 -0.06376496  0.52732477  0.56336976
  1.10832442  0.79256451  0.47841443  0.92104716 -0.41474187  0.0103481
  0.44026023  0.41945178  0.78570357  0.82137829  0.62322932  0.71910432
  0.95201754  0.72992997  1.08215736  0.62342991  1.06381956  0.5405131
  0.77933253  0.81629955  0.43302954  0.99651854  0.43865955  0.83083383
  1.26580438  0.27200886  0.58463615  0.8110626   0.724521    0.58872636
  0.78871653  1.16709005  0.70079986  0.53118611  0.70541968  0.87902355
  1.04829634 -0.1611655   0.3969116   0.81380421  0.37742446] 
 RGE log scale 5 
[  2.10943791   2.60943791   3.1094379  ... 197.72513961 197.72513961
 197.72513961] 
 RGE log scale 6 
[  2.10943791   2.60943791   3.1094379  ... 198.64263361 198.64263361
 198.64263361] 
 RGE log scale 7 
[  2.10943791   2.60943791   3.1094379  ... 198.98832158 198.98832158
 198.98832158] 
 RGE log scale 8 
[  2.10943791   2.60943791   3.1094379  ... 198.20737923 198.20737923
 198.20737923] 
 RGE log scale 9 
[  2.10943791   2.60943791   3.1094379  ... 198.28729639 198.28729639
 198.28729639] 
KL mean grad 0 
[ 2.00000000e-01  1.00000012e-01  4.80124887e-02 ... -1.03526195e+69
 -2.26463552e+68 -1.07839787e+67] 
KL mean grad 1 
[4.00000000e-01 3.00000003e-01 2.23303506e-01 ... 1.38034927e+69
 5.17630976e+68 3.45087317e+68] 
KL mean grad 2 
[ 6.00000000e-01  5.00000001e-01  4.15363581e-01 ... -0.00000000e+00
 -0.00000000e+00 -1.38034927e+69] 
KL mean grad 3 
[ 8.00000000e-01  7.00000001e-01  6.11456227e-01 ... -6.90174635e+68
  1.72543659e+68  3.45087317e+68] 
KL mean grad 4 
[ 1.00000000e+00  9.00000001e-01  8.09132621e-01 ... -0.00000000e+00
 -8.62718293e+67 -3.45087317e+68] 
RGE mean grad0 
[ 2.00000000e-01  1.00000012e-01  4.80124887e-02 ... -1.03526195e+69
 -2.26463552e+68 -1.07839787e+67] 
RGE mean grad1 
[4.00000000e-01 3.00000003e-01 2.23303506e-01 ... 1.38034927e+69
 5.17630976e+68 3.45087317e+68] 
RGE mean grad2 
[ 6.00000000e-01  5.00000001e-01  4.15363581e-01 ... -0.00000000e+00
 -0.00000000e+00 -1.38034927e+69] 
RGE mean grad3 
[ 8.00000000e-01  7.00000001e-01  6.11456227e-01 ... -6.90174635e+68
  1.72543659e+68  3.45087317e+68] 
RGE mean grad4 
[ 1.00000000e+00  9.00000001e-01  8.09132621e-01 ... -0.00000000e+00
 -8.62718293e+67 -3.45087317e+68] 
KL log scale grad 5 
[ 3.4161504   2.56716281 -0.51837543 -0.09058893  0.00712663 -0.57941278
  0.20167074 -0.09943396  0.00738229  0.241743    0.29230356 -0.10731029
 -0.08224797  0.16257665 -0.32342239  1.33929763 -0.47711291 -0.71688628
 -0.75752068  0.07351946  0.8345068   1.17153893 -0.76271709  0.03552898
 -0.34066326  0.98440976 -0.62108171 -0.25295973 -0.13784217  0.3784812
 -0.34272032  0.12822633 -0.37598115 -0.03897948  1.15729478 -0.49632377
 -0.79050328 -0.02372071 -0.52948056  2.7144673  -0.793962   -0.66672655
  0.3914953  -0.65574465  0.80597377 -0.29589935 -0.51589579  1.49445185
 -0.41923072 -0.63260452  0.24457004 -0.43704085  0.61517427 -0.57727797
  0.11985355  0.80184263 -0.76481371  0.14701833  0.67963055 -0.74065299
 -0.27700931  0.41346483 -0.342596    0.67701551 -0.57499761  0.38967563
 -0.57807497  0.7976656  -0.65568485 -0.41837087 -0.03900674  1.05641134
 -0.18733952  0.47675136 -0.62800926 -0.49833383  0.97349583 -0.20171257
 -0.62732334  0.71277097 -0.47373255  0.07487168 -0.27641854  1.30823937
 -0.43061988 -0.33725772  1.30295811 -0.89366623 -0.6482221   0.64579725
 -0.79398113 -0.2036169   0.80595178 -0.6927017   0.62867863 -0.22349672
 -0.24993667  1.75271966 -0.83643458 -0.36070975 -0.66900648 -0.29648052
  1.66710256 -0.69758256 -0.54718053  0.49834511 -0.25973508  0.07874698
 -0.03431875 -0.11439617  0.31981258 -0.05735385  0.81433502 -0.88391717
 -0.38856578 -0.31007464  1.6714666  -0.70562877 -0.18145755  0.76256116
 -0.53882539  0.03179369 -0.68520463  1.22348427 -0.4015152  -0.15522514
 -0.27041391  0.62124584 -0.2635174  -0.36541221  0.03517082  1.44028326
 -0.91130845 -0.29275562 -0.16779791 -0.12499895 -0.44720491  0.8107589
 -0.65472253  0.6632122  -0.3255662   0.36142032  0.03242845 -0.20894442
  0.36367383 -0.41659626  1.10249785 -0.88455395 -0.18734707  0.43547472
 -0.60142375 -0.03911002  0.34348726 -0.1908947  -0.21868774  1.31542079
 -0.71943004 -0.05005646 -0.25173224  0.00754611 -0.18766021 -0.0588251
  0.03943907  1.82545132 -0.7955523  -0.37230827 -0.52805191  0.53934731
 -0.40387555 -0.05296264 -0.22380313  0.46141279  0.11316289 -0.25523046
  0.11577938  1.15608284 -0.90848947 -0.54503072 -0.2540225   1.85643297
 -0.40168351 -0.78056704 -0.4632321   2.27196635 -0.84073978 -0.70850168
 -0.01337504  0.41907001  0.46541316 -0.38952705  0.09486177 -0.5875085
 -0.5066574   3.30956634 -0.9626552  -0.77794999 -0.62881684  0.67027103
 -0.09645654 -0.01445401 -0.15464341  0.30255149 -0.59055518 -0.68555408
  0.59213375  0.58589301 -0.35050583  0.26378023 -0.62687338  0.30768961
 -0.54633242  0.6680812   0.50871596 -0.66702888 -0.51391129  0.25645541
  0.56955648 -0.40127254  0.27392845 -0.03216687  0.3959093  -0.8065371
  1.01977655 -0.67254655 -0.10749667 -0.47431542  0.50362218 -0.10649051
  0.58959224 -0.02088393 -0.50712492  0.30532258 -0.09102254 -0.02464158
 -0.24957203  1.27779103 -0.85916241 -0.07938759  0.44483188 -0.76282642
  0.24064005 -0.26714923  0.88911224 -0.57032108 -0.61447587  1.77575531
 -0.76691689 -0.23074303  0.34869158 -0.79981438 -0.27788952  0.1383792
  1.74828498 -0.76625064 -0.13142985 -0.20622845 -0.28178912  0.84482941
 -0.68652932  0.50175668 -0.47431802 -0.19802231  0.83442228 -0.62443702
  0.07478464 -0.62307834  3.3120388  -0.82828776 -0.81379481 -0.26322464
 -0.47402806 -0.40970118  1.65654073 -0.31041958 -0.45247964  0.37613824
 -0.28834994 -0.49668465  0.05568594  0.35814093  0.0741568  -0.12590276
 -0.61433232  0.03292258  1.59464684 -0.89043755  1.09407219 -0.8666649
  1.03466934 -0.87199946 -0.48052921  0.25122353 -0.02121816  0.4383728
 -0.61325089 -0.1929262   0.98346651 -0.58023133 -0.49906171  1.75154101
 -0.86016959 -0.16848028  0.14801729 -0.68919203  0.94469608 -0.56029235
 -0.70546638  1.41172625 -0.74256084  0.22080792 -0.28192265  0.12044313
 -0.2097992   1.12270527 -0.80215395  0.14620716 -0.12006423  0.13559807
 -0.5455421  -0.46628364  1.79390786 -0.73425934 -0.49582224  0.57665311
 -0.5833226   0.72196225 -0.74059187  0.06008961  0.3559798   0.31210358
 -0.08005046 -0.59534837  0.66333579 -0.63085665  0.76033429 -0.45300073
  0.2678726  -0.92364097  0.14251169  1.56352161 -0.55154371 -0.50490892
 -0.22675399  2.67508737 -0.9453294  -0.82217503 -0.30708149  0.45535085
  0.11176986 -0.47062656 -0.23036449  0.09192589 -0.17824169 -0.22201338
  0.44914626 -0.03533443  0.77869406 -0.88647831 -0.4590567   3.0878645
 -0.93595455 -0.36392539 -0.54129443 -0.49730485  0.86548419 -0.75905219
  0.52353279 -0.26032891 -0.7221906   0.07575532  1.35048687 -0.53261426
 -0.57919764  0.59281575  0.45936907 -0.3870168  -0.40372336  1.73973246
 -0.83268578 -0.75963295  0.36594503 -0.39985366 -0.61406904 -0.03278575
  3.41648967 -0.75093595 -0.71988424 -0.36942946 -0.12115674  0.13910429
 -0.23441166 -0.35087988 -0.14456786  0.34082947  0.65193353 -0.68798447
  1.81255794 -0.78608392 -0.63990177  0.05244733 -0.35631982] 
KL log scale grad 6 
[ 2.64292049e+00  5.60301318e-02 -3.25016359e-01  2.13266483e+00
  3.89691894e-01 -1.62140509e-01 -7.80517246e-01  1.92506847e-01
 -3.54044729e-02  1.09337832e-01 -8.85156810e-02  7.46569525e-02
 -8.35897293e-02  7.23791761e-03  1.96851778e-01 -5.70487027e-02
  3.41556684e-02 -7.90503145e-02  3.70145677e-01 -3.47711797e-01
 -3.31516476e-01  4.86854149e-01 -2.43497097e-01  8.36102875e-02
 -5.89485446e-01  3.24451150e+00 -8.85826176e-01 -4.47662612e-01
 -5.85454062e-01 -5.06221501e-01  1.13166222e+00 -5.96726286e-01
 -2.69283934e-01  1.14743596e-01 -1.44335045e-01  3.24194247e-01
  2.20246887e-01 -5.04321632e-01  9.05737362e-03 -1.43960300e-01
  1.40230833e+00 -7.77724540e-01 -6.50541788e-01  3.73432855e-01
  7.13121451e-01 -5.48533285e-01 -2.11046474e-01 -6.78318306e-01
 -2.22322565e-02 -3.09788996e-02  3.59593047e+00 -9.04344298e-01
 -6.99235435e-01  2.26099324e-02 -4.90391170e-01  4.11708455e-01
 -3.61527929e-01 -4.77650573e-01  3.40924179e-01 -4.35582423e-01
  2.92262736e-01  3.71642288e-01 -2.92189197e-01 -4.49598326e-01
  6.23855382e-01 -7.75555377e-01  1.26391041e+00 -3.17300816e-01
 -3.26530591e-01  4.43481123e-02  9.08683268e-01 -5.12611612e-01
 -3.31667665e-01 -2.24791925e-01  1.71762935e+00 -7.30235894e-01
 -3.58355117e-01 -3.92321315e-01 -4.51063095e-01  1.30886632e+00
 -4.00768940e-01 -6.26594795e-01 -2.76567413e-01 -7.17916704e-02
  2.45467677e+00 -8.34325014e-01 -4.05297416e-01 -6.65203369e-01
 -1.30083283e-01  1.68304322e-01  8.90480263e-01 -6.79510005e-01
  8.58979636e-03 -3.96901719e-01  4.48929103e+00 -9.20952302e-01
 -7.34628069e-01 -4.30896592e-01 -6.88190977e-01  3.22548505e-01
 -5.24997201e-01  4.18826832e-02 -2.86799427e-01  7.30220587e-01
  1.30944897e-01 -3.13082781e-01  1.79752115e-01 -3.61102498e-01
 -2.90872953e-01  7.02549549e-01 -3.34849605e-01 -2.15749775e-02
 -5.30897349e-01 -4.68221637e-01  1.69515717e+00 -7.07850936e-01
 -3.24432335e-01  1.07585914e+00 -6.01966010e-01 -4.29125391e-01
 -2.13478453e-01  2.76242676e-01  5.36618162e-01  4.06292167e-01
 -2.03051644e-01 -8.16956951e-01  1.71012827e+00 -5.59333272e-01
 -8.14908247e-01  1.97199926e+00 -8.57773685e-01 -5.70695891e-02
 -5.06846026e-01 -3.51383639e-02  2.42422945e-01 -6.47532454e-01
 -2.14510510e-01  5.72006065e-01  4.83531081e-01 -6.89943920e-01
  6.47753417e-01 -3.30249672e-01  1.15642467e-01 -7.71750447e-02
 -6.74077129e-02  3.87629882e-01 -7.05607418e-01  7.06220386e-01
 -6.22720570e-01 -3.71632763e-02  3.23033295e-01 -6.83691110e-01
  8.72880611e-02  2.19699117e-01 -7.85580178e-01  7.32278295e+00
 -6.58012736e-01 -9.05194215e-01  1.25936900e-01 -4.15443473e-01
 -3.40656213e-01 -2.33766134e-01 -4.67262748e-01  1.39104889e-01
 -5.86890430e-01  1.90520679e+00 -7.49460765e-01 -8.17441692e-01
  3.44443102e-01 -1.52040059e-01  2.86631717e-01 -5.28284361e-01
 -8.87810130e-02  8.69188305e-01 -2.40566503e-01 -1.30887063e-02
 -5.59448040e-01  2.22160349e+00 -6.78363080e-01 -6.50163956e-01
 -5.00638808e-01  3.59107231e-01 -2.12091663e-01 -4.47748071e-01
  3.52020205e-01  6.75206604e-01 -4.45937473e-01  2.35414716e-01
 -4.59780311e-01  5.65123299e-01 -2.35999139e-01 -5.57499023e-01
  8.02108373e-01 -3.57044547e-01 -4.41734047e-01  1.39794914e+00
 -6.71849213e-01  1.09239498e-01 -5.78829832e-01  7.64462711e-01
 -7.16317083e-01  1.15712813e+00 -6.57672744e-01 -1.16389012e-01
 -2.52457282e-01  4.17065352e-01 -6.93808961e-01  7.82447058e-01
 -3.23601240e-01 -4.86376222e-01  1.12050848e+00 -6.49533379e-01
 -5.00299183e-01  2.03707532e+00 -8.38775446e-01 -5.45756136e-01
  7.74045085e-01 -6.31717581e-01 -5.76961852e-01  1.17422053e+00
 -5.62502583e-01  4.86241572e-01 -6.81925147e-01  1.49194454e+00
 -5.47671937e-01 -6.21904132e-01 -2.41034105e-01  1.85601696e-01
 -2.00036402e-01  2.84073384e-01 -6.64926356e-01  2.02780317e+00
 -8.32458718e-01 -7.99075660e-01  1.88789116e-01 -3.67699270e-01
  1.70825343e-01 -1.75880755e-02  4.49734932e-01 -5.98593956e-01
  2.93337652e+00 -8.59534955e-01 -9.35457694e-01 -5.49285880e-01
  2.06658836e-01 -7.71863610e-02  1.00972874e+00 -3.99036994e-01
 -1.88971922e-01 -1.23593452e-01  1.83689673e-02  4.11461200e-01
 -7.47982544e-01  2.57309403e+00 -8.07698844e-01 -8.23025446e-01
 -6.20377808e-01  2.60241934e-01 -4.35300139e-01  4.27819521e-01
  4.59534429e-01 -6.56058715e-01  4.88723000e-02  3.52146632e-01
 -2.52035552e-01 -3.35218727e-01 -5.29356255e-01  4.08092695e-01
  1.06650018e+00 -4.66209464e-01  3.80635861e-01 -7.24852879e-01
 -1.57354312e-01  4.89391058e-01 -3.41111592e-01  8.79266869e-02
 -2.42093551e-01  2.60145417e-01 -4.42636787e-02 -2.68467151e-02
  7.35737728e-01 -7.74871893e-01  3.24935992e-02  5.92363935e-02
 -1.62168271e-01  4.73932673e-01 -2.36195009e-01 -2.07700708e-02
 -1.79840443e-01 -5.09350614e-01  5.23584187e+00 -9.10282335e-01
 -5.01358036e-01 -1.42083093e-01 -5.56064139e-01 -6.74008655e-01
  9.76012453e-01 -7.73846651e-01 -3.36169288e-01  3.66870588e-01
  1.26710345e-01 -1.03700286e-01 -4.18759555e-01 -4.39641104e-01
  2.23550346e+00 -7.74563825e-01 -7.49481012e-01  9.19693129e-01
  5.68035017e-02 -4.36029791e-01  4.29187841e-01 -6.18582581e-01
  1.98892203e+00 -8.72818763e-01 -6.36162481e-01 -2.29181113e-01
 -8.01946773e-01  8.96523715e-01 -5.80450245e-01  8.59330367e-01
 -3.05232274e-01 -2.65276286e-01  1.56654079e+00 -6.15307646e-01
 -7.43006867e-01  5.68376109e-01 -5.09661174e-02 -2.09703092e-01
 -1.03516652e-01  1.21009239e-01  7.10753487e-02 -4.87953467e-01
 -9.29591526e-02  2.72165492e-03  1.36790242e+00 -8.21641544e-01
 -4.61741735e-01  5.14107149e-01  1.42404037e-03 -2.30221087e-01
  1.00509187e+00 -7.55001053e-01 -5.40723191e-03 -7.56546689e-01
  1.31765604e+00 -4.50920760e-01  8.95972982e-02 -3.39244379e-01
 -1.41614101e-01  6.93896646e-01  1.72360403e-01 -7.68609358e-01
  2.69068555e-01 -5.63663418e-01 -1.12949387e-01 -2.07237132e-01
  1.12365986e+00 -6.19909709e-01  9.69043799e-01 -6.69195111e-01
 -3.38155960e-01  1.29109132e+00 -7.67224229e-01 -4.24836101e-01
  7.63024469e-01 -2.25002481e-01 -6.03080261e-01  1.10981515e+00
 -8.59406981e-01 -4.38955009e-01  1.51899113e+00 -6.19885932e-01
  1.29733718e-01 -5.66760985e-01 -6.08258715e-01  1.14314733e+00
 -3.86720607e-01 -5.81905691e-02  7.01705598e-01 -4.11452715e-01
 -5.75970620e-01  7.91740301e-01 -5.36767367e-01  1.96184415e+00
 -7.16658540e-01 -5.61830465e-01 -8.09384875e-01  6.62686539e-01
 -5.54509954e-01  1.56780040e-01  1.16179007e+00 -7.47918557e-01
 -3.89523491e-01  1.44728142e-01 -4.40805480e-01  2.15747235e+00
 -8.16822435e-01 -5.84702746e-01  3.02214947e-01 -4.53246045e-01
 -5.16697212e-02] 
KL log scale grad 7 
[ 6.15765694e+00  1.23522460e+00  6.02186855e-01 -5.94792957e-02
  7.60448528e-01  1.42012109e-02 -4.62956917e-01  6.99003886e-01
  3.53949577e-01  6.60222105e-01 -3.89851773e-01  3.93930047e-01
  4.43038762e-02 -5.64797741e-01  1.41297760e-01 -2.15956375e-01
  4.70516499e-01  7.45185116e-02 -4.69682078e-01  8.81191140e-02
  6.26847330e-01 -4.74974474e-01 -1.31570299e-01 -2.68404722e-01
  3.75763058e-01 -6.25882967e-01  1.40320506e+00 -3.18109170e-01
 -4.72964578e-01 -3.68283654e-01 -1.86031596e-01  2.68175422e-01
  3.68309571e-01  1.12452178e+00 -7.49761515e-01 -4.00957301e-01
 -1.43264063e-01 -1.03069525e-02  1.68685433e-01  1.54476886e-01
 -7.56795718e-01  7.05245548e-01  6.47104484e-01 -7.38256536e-01
 -7.72729809e-02  1.81488281e-01 -2.00223939e-01  4.90648642e-01
 -5.71512302e-01 -3.35577386e-01  7.52572613e-01 -4.33423022e-01
  5.77582363e-01 -6.74848347e-01 -1.98126389e-01  6.19021340e-01
  1.03200181e-01 -4.94358866e-01  3.30576203e-01 -3.48155471e-01
  4.43958032e-01 -3.11084190e-01  6.16734357e-02  1.89955713e-01
 -1.29408160e-01 -3.14421885e-01  6.27015463e-01 -6.30691444e-01
 -2.62088296e-01  8.49410424e-01  2.66487507e-01 -5.09329487e-01
 -3.54328641e-01  2.21955092e+00 -9.15859988e-01 -7.15376768e-01
  6.36347119e-02 -3.98650781e-01 -1.12935600e-01 -3.50985490e-01
  2.31634849e+00 -8.63282030e-01 -5.80319140e-02  4.48247519e-01
 -6.30942156e-01  2.12705022e-01 -3.53697061e-01  3.02336884e-01
 -4.08733348e-01 -6.26559923e-01 -3.42866439e-01  2.91017160e+00
 -8.34126655e-01 -2.56967618e-01 -3.13798623e-01  1.64103661e-01
 -3.88712479e-01  6.70274574e-01  6.87719564e-02 -1.79827139e-01
 -4.05877484e-01  3.59262124e-01 -3.19677536e-01  4.04744835e-01
 -1.23079875e-01 -5.82346646e-01  1.25435602e+00 -2.18624792e-01
 -8.60742225e-02 -2.21600760e-01  5.78204694e-01 -5.65285187e-01
  1.89625752e-01 -2.85259665e-02 -7.32503690e-01  1.10913151e+00
 -4.99672320e-01  5.16028987e-02 -8.22796444e-01  8.43464469e+00
 -8.89592953e-01 -8.42516888e-01 -7.32055684e-01 -4.19539376e-01
 -7.67359038e-01 -2.00074070e-01 -1.33402099e-01 -4.95623740e-01
  1.56613982e+00 -5.00470401e-01 -3.56892067e-01 -8.42287382e-01
 -1.82735965e-01  1.42682165e+00 -3.59165089e-01 -5.88805795e-01
  2.79343331e-01  2.85616048e-01 -5.29441535e-01 -1.55218522e-01
  5.65880376e-01 -1.95477565e-01 -6.64294384e-01  1.81316878e-01
  1.01721280e+00 -7.92923155e-01 -1.95470542e-01  9.19968873e-01
 -2.67404230e-01 -5.41820115e-01  1.50791922e-01 -3.83239428e-01
  5.53796772e-01 -2.49275312e-01 -1.30195375e-01  1.26234110e+00
 -4.82115532e-01 -4.42088852e-01 -1.25748964e-01  1.03492089e+00
 -7.67617625e-01  8.99645255e-03  9.06969065e-01 -4.79669720e-01
 -4.63252239e-02 -6.68816345e-01  6.66085143e-01 -1.41369784e-01
 -1.88310164e-02 -4.75493312e-01 -4.33935742e-01  4.23878958e+00
 -5.72973205e-01 -4.69251842e-01 -4.08792914e-01 -5.68671670e-01
  5.47224404e-01 -1.34837262e-01  2.43612142e-01 -2.40187432e-01
 -6.93959127e-02 -4.73028619e-01 -2.23455401e-01  2.75610074e-01
 -2.03261013e-01  8.88250507e-02 -1.41129390e-01 -1.05402617e-01
  1.34639887e-01  1.88302582e-01  6.70939932e-01 -4.94023760e-01
 -2.05675625e-01 -1.20600962e-01  2.21978870e-01 -4.67486694e-01
  1.03832597e+00 -6.87630378e-01  8.57572402e-01 -2.08489336e-01
 -6.39715703e-01 -3.82227048e-01  2.18193281e+00 -7.96008285e-01
 -5.16671606e-01 -2.78457081e-01  6.04053702e-01  1.15236674e-01
 -4.42248298e-01  1.41383406e-02 -4.35929969e-01  2.79455634e-01
  9.19150620e-01 -5.61014035e-01 -3.45868732e-01  4.25936448e-01
 -4.66103408e-01  9.58084500e-01 -6.41859540e-01 -4.73650816e-01
  1.89151790e+00 -7.01956769e-01 -6.99569091e-01  7.37242577e-01
 -3.61467987e-01  3.00876677e-01 -5.88593981e-01  4.24382726e-01
 -7.56959622e-01 -1.37390975e-01  1.08982279e+00 -8.53909986e-01
  2.21144039e-01  1.04511768e+00 -7.74919634e-01  4.80653157e-01
 -7.31239139e-01  2.29886214e-01 -4.82882577e-01 -1.39601637e-01
  2.02436736e+00 -9.40927766e-01 -4.28306233e-01 -3.18659591e-01
  1.97653555e-01 -2.07325048e-02  1.56314642e+00 -7.92788028e-01
 -4.27618500e-01 -5.20923494e-01  1.06966856e+00 -7.49823466e-01
  8.91932750e-02 -5.53466845e-02 -5.08141745e-01  6.44530906e-01
 -3.25802162e-01  1.23242644e-01 -3.92791986e-01  7.35719938e-01
  3.25667530e-01 -6.37748937e-01  2.46797727e-01 -6.48284665e-02
 -6.38030598e-01  1.22817485e+00 -7.94804690e-01  1.24272220e+00
 -9.07954056e-01 -4.55269747e-01  5.53873949e-01 -7.30526026e-01
  4.99022969e-01  4.84672767e-02 -1.09349779e-01 -1.22406520e-02
 -4.20986880e-01 -2.90980442e-01  3.66523783e+00 -7.89951809e-01
 -7.37642494e-01 -2.95186275e-01 -2.00776743e-01  6.28120264e-02
 -2.77236816e-01 -1.19662190e-02  6.84718916e-01 -5.49855414e-01
  6.02634591e-01 -6.89280560e-01  1.06291825e+00 -7.45988310e-01
 -7.06904093e-03 -1.82006275e-01 -6.31091328e-01 -2.38918773e-01
  9.50710425e-01 -7.58735629e-02 -2.52717721e-01  1.11833215e-01
 -4.57675722e-01  1.81535285e+00 -8.16531782e-01 -4.15433502e-01
  3.06365120e-02  1.56513395e+00 -7.94397949e-01 -5.75514290e-01
 -3.08185282e-01  1.83728483e+00 -6.61580261e-01 -2.13882023e-01
 -4.56783827e-01  4.49059776e-01 -1.66934196e-02  4.24483560e-01
 -6.77361648e-01 -3.43499771e-01  9.89272769e-06 -1.58055347e-01
  4.80461782e-01 -6.66180915e-01  9.89628055e-01 -6.63398343e-01
  3.67352668e-01  3.57518103e-01 -4.97983465e-01 -1.86768911e-01
 -1.56529380e-01  8.51745581e-01 -7.70100597e-01  1.23758534e+00
 -8.23169204e-01 -5.58818179e-01  6.80908538e-01 -4.26634665e-01
  1.45311063e-01  1.83807340e-01  2.72371518e-01 -5.70347872e-01
  1.01471214e+00 -7.32824678e-01  2.01340822e-01  1.59154448e-01
 -2.62174940e-01 -1.36398636e-01  2.26382077e-01 -3.63444371e-01
  1.09515316e+00 -7.95158524e-01 -1.15500789e-01  2.30407368e-02
 -3.37177560e-01  1.35335086e+00 -8.50849771e-01 -2.65668854e-01
 -6.86916496e-01  4.47859766e-01  4.49257702e-01 -2.76460551e-01
  6.67133642e-01 -3.08785560e-01 -1.52179669e-01 -7.48253394e-01
  1.28107064e+00 -7.36800388e-01  6.76987111e-01 -1.29382264e-01
 -6.04624614e-01  1.38102163e+00 -8.38263483e-01 -8.15015694e-02
 -9.52392139e-02 -3.92202664e-01  3.09457734e-01 -3.10152633e-01
  1.37645723e+00 -7.76268506e-01  1.08801018e+00 -8.62387353e-01
 -4.66544175e-01  1.15429928e-01  2.79246050e-01  2.94256735e-02
 -4.85760248e-01  2.21558555e+00 -8.47249976e-01 -4.68518720e-01
 -3.19335007e-01 -4.34626802e-01  1.49380655e-01 -2.35163340e-01
  5.41259877e-01 -4.38946143e-01 -2.64426620e-01  1.69773826e+00
 -8.65454169e-01 -3.12374734e-01  5.14153972e-01 -6.82864320e-01
  8.01808389e-01] 
KL log scale grad 8 
[ 1.05635598e+01  1.44137864e-01  1.12677633e+00  7.57463947e-01
 -4.54219777e-01  1.78067796e+00  4.19081011e-01  1.00584364e+00
 -4.10189933e-01  4.99764678e-01  3.99612741e-01 -1.85329116e-01
 -6.40142115e-01 -2.90209081e-01 -1.88392046e-01  1.05691097e+00
 -7.00989681e-01 -2.06608778e-01  5.32241135e-01  3.59588566e-02
  5.87541433e-01  1.38901966e-01 -6.55791944e-02 -5.42870061e-02
 -7.32589099e-01  1.69163297e-01  2.30603060e-01  3.03308611e-01
 -3.58815479e-01 -6.99500183e-01  4.34296170e-02 -5.62158066e-01
  5.41549876e-02  1.30400322e+00  9.53320717e-02 -2.41029541e-01
 -2.43967953e-01 -5.61488579e-01 -3.27929268e-01  2.02200297e+00
 -4.49695837e-01 -4.81741911e-01  3.73970426e-01 -7.83554007e-01
  1.21538141e+00 -7.17555374e-01  4.16172503e-02 -1.87145107e-01
 -4.42941848e-01 -4.51580289e-01  1.78199313e+00  2.23268384e-01
 -2.48266886e-01 -2.88616492e-01 -8.48643222e-02  1.12456092e-01
 -3.29597065e-01  5.87524072e-01 -6.82359642e-01  4.84881114e-01
 -5.19802662e-01  4.65281076e-01 -4.73336933e-01 -3.71762981e-01
  3.19459823e-01 -2.11744545e-01  6.55588289e-01  2.34075976e-01
 -4.81115925e-01 -3.71351216e-01  5.14575646e-01 -2.27692424e-01
  1.45354805e+00 -9.06974484e-01 -6.45165054e-01  1.63737380e-01
  6.46942536e-01 -6.84294248e-01 -4.27366628e-01  4.18934549e-01
 -1.50336882e-01 -4.54766063e-02 -6.47374667e-02  5.10352528e-01
 -6.74865569e-01  1.17065021e+00 -5.83333613e-01 -2.74059479e-01
  1.72746902e+00 -7.66593246e-01 -5.50486413e-01 -4.32730536e-01
  2.15911258e+00 -8.81979856e-01 -6.64029554e-01 -6.87465036e-01
  1.28769331e+00 -7.02171002e-01  6.82679278e-01 -3.20447244e-01
 -5.82588525e-01  6.56935396e-02 -2.38657111e-01  1.12314974e+00
 -3.36737859e-01 -5.13075099e-01 -3.31213910e-01  3.66450876e+00
 -7.75117954e-01 -7.32189987e-01 -8.28604103e-01 -4.69972756e-01
  3.56199811e-01 -7.86682503e-01  1.51854861e+00 -7.30265376e-01
 -2.74018648e-01  1.05763647e+00 -6.42493846e-01  9.71076757e-01
 -8.08844197e-01 -2.21798027e-01  2.32238506e-02 -1.63769436e-01
  1.61667380e-01 -8.07365466e-01 -4.38391644e-01  2.82710808e+00
 -6.95214628e-01 -5.68588633e-01 -2.36866769e-01  5.64053312e-03
 -1.46866411e-01  1.70081046e+00 -6.54491655e-01  7.04523504e-01
 -5.46963319e-01 -2.53284658e-01 -6.73341475e-02 -4.60964597e-01
  7.55094201e-01 -5.92587925e-01  1.07592600e+00 -7.89952744e-01
 -3.61741029e-01  5.23425426e-01 -1.18851507e-01  3.92728337e-01
 -2.63536424e-01 -4.68306847e-01 -2.59608658e-01  3.34758458e+00
 -8.56992251e-01 -1.95894366e-01 -7.82095637e-01 -7.09123506e-02
 -3.12088983e-01 -2.17961684e-01 -3.42237452e-02  2.33501520e-01
  9.30146048e-02 -4.69532919e-01  2.16906983e-01 -2.42155427e-01
  5.07379581e-02 -4.11043505e-01  5.64816657e+00 -9.41896743e-01
 -7.66692836e-01 -4.55673319e-01 -6.50938023e-01 -2.59483222e-01
  3.20976396e-01 -5.85717289e-01  2.33342738e-01  1.40564378e-01
 -4.39530181e-01 -2.63692394e-01  1.98225268e-01 -3.39977141e-01
  2.10338608e-01  1.28360541e+00 -6.10305383e-01 -4.64423287e-01
  1.21511658e+00 -7.50076147e-01  8.19984179e-01 -8.34521170e-01
 -6.41360655e-01  1.47345718e-01 -5.49730585e-01  1.38016074e-01
  1.10654649e+00 -5.63185639e-01 -3.56388351e-01  5.77163747e-01
  2.70468515e-01 -4.95506164e-01 -1.36079071e-01  5.40013803e-01
  4.68965128e-01 -7.69168594e-01 -8.77656738e-02  3.73920600e-01
 -5.98699080e-01  1.69542902e+00 -8.54792769e-01 -6.18056869e-01
  7.70479157e-01 -3.07053194e-01 -5.80527238e-01  4.65741029e-02
 -1.49603874e-01 -4.14961125e-02  4.21066155e-01 -1.41184567e-01
  3.02813199e-01 -1.31757293e-01  6.45035856e-01 -7.98004666e-01
  8.04680199e-01 -9.67114443e-01 -5.69450168e-01  1.15839143e+00
 -5.75777810e-01  1.59587815e+00 -8.05117768e-01 -7.59494888e-01
  4.66486029e-01 -4.82729993e-01  8.83709888e-01 -4.98744891e-01
 -3.36415133e-01  8.18818987e-01 -5.17534296e-01 -5.05491954e-01
  8.98490543e-02  5.93216046e-01 -4.80850124e-01 -2.54669436e-01
  1.78573334e+00 -8.68404247e-01 -8.43419730e-02 -4.87880148e-01
  3.15559477e-01  2.18920809e-01 -3.17624662e-01 -1.52562185e-01
  2.07568667e+00 -8.81263768e-01 -7.02562994e-01 -3.34290726e-01
  1.17261212e+00 -6.16108901e-01 -3.80466371e-01  2.15129514e-01
 -5.14169770e-01  6.89134018e-01  3.49111840e-01 -7.59846392e-01
 -9.72730543e-02  1.28572078e-01  1.53822183e+00 -8.49802433e-01
 -2.88916967e-01 -3.07587333e-02  8.48603545e-03 -5.02530166e-02
 -6.18781223e-01  1.60532281e+00 -7.83612078e-01 -1.49270444e-01
 -8.95406202e-02 -2.08647576e-01  1.64649243e-01 -9.09212928e-03
  7.33629607e-01 -8.13226881e-01 -1.50639427e-01  1.90495061e+00
 -8.36867016e-01 -7.41115909e-01 -2.41492519e-01 -3.81367341e-01
  4.79745043e-01  3.81508810e-01 -6.83874092e-01 -3.31606404e-01
  9.18418992e-01  1.42966698e-01 -1.79940028e-01 -1.22670793e-01
 -1.97873325e-01  5.79700781e-01 -7.41916199e-01  1.06007677e+00
 -7.54618764e-01 -2.35684473e-01  6.22063603e-01 -2.76053228e-01
 -5.08345290e-01  2.28420611e+00 -7.49583099e-01 -5.79211268e-01
  1.53498183e+00 -8.87845864e-01 -7.80333767e-01 -1.28590953e-01
  1.54434067e+00 -6.44798042e-01 -6.22819960e-01 -2.56120372e-01
  8.42835845e-01 -4.46453860e-01  1.03383108e+00 -8.98524617e-01
 -4.38344639e-01  7.58354183e-02  7.48173010e-01 -3.92672433e-01
 -5.05718509e-01 -2.63797701e-01  1.96548787e+00 -8.69511133e-01
 -5.51096495e-01 -4.41940128e-02 -1.81902910e-01  1.32436966e+00
 -7.42932473e-01 -8.41619170e-01  3.35776517e-01 -3.09347508e-01
  4.64391846e-01  5.43670707e-01 -4.90425603e-01 -4.62879879e-01
  1.62831949e+00 -5.82277160e-01 -2.21121720e-01 -2.94380317e-01
  6.16831866e-01 -5.73620763e-01  1.40940179e-01  3.25395111e-01
 -9.20945278e-02 -4.49504145e-01  1.04510229e-01 -5.67988070e-01
  1.26950062e+00 -1.79691124e-01 -3.98818235e-01 -5.43539266e-01
 -1.73984285e-01  1.54767113e+00 -6.69908472e-01  1.24581283e-01
  3.42451733e-01 -2.40124072e-01 -3.70562080e-01  6.41023057e-01
 -6.43337552e-01  1.07435075e+00 -5.58466577e-01  2.07821195e-01
 -6.18417734e-01 -5.28254390e-01  1.75788758e+00 -6.85325019e-01
 -1.44401167e-01  7.88625189e-01 -8.58683370e-01 -6.84798620e-02
  4.90496346e-01 -4.29845913e-01  1.59235433e-01 -4.85946226e-01
  1.12953730e+00 -9.46865350e-01 -1.29503449e-01  3.29328557e-01
  1.19354523e+00 -5.96324493e-01 -5.93714427e-01  2.55553276e-01
 -1.72582116e-01 -3.33482772e-01  6.06963211e-01  2.85153410e-01
 -6.04441858e-01  4.11123606e-01 -6.18038154e-01  7.36114777e-01
 -5.22760579e-01 -1.42240570e-01 -7.64994491e-01  6.11791068e+00
 -8.55492728e-01 -4.34863848e-01 -6.83138554e-01 -5.13511412e-01
  6.09753844e-01] 
KL log scale grad 9 
[ 4.38441143  0.97330236  0.033048   -0.11409589  0.98412092  2.20953045
 -0.50551051 -0.28623544 -0.42967695  0.13935513  0.33955857 -0.66769599
  1.47831639 -0.54745037  0.0711208   0.0101903  -0.05750425 -0.58694349
 -0.42890926  0.65402941 -0.28558236 -0.55134013  0.33888967  0.40412941
 -0.17354676 -0.46995595  0.83769029 -0.15129097 -0.48309889 -0.16331064
  0.22504294  0.32132713 -0.23775641 -0.08599026  0.55935063 -0.3788783
  0.0526812  -0.63290404  0.85302369 -0.25521729 -0.28072109  0.34810622
 -0.73379814  0.93827326 -0.56354718  1.01470232 -0.56116001 -0.44029912
  1.8766486  -0.78913812 -0.59322279 -0.16213274 -0.66409446  2.25726923
 -0.54203039 -0.60053413  0.0182565  -0.02801037  1.79373324 -0.89900021
 -0.3943303  -0.39885289 -0.43969075  0.00797848 -0.07469652  0.86089425
 -0.60250528 -0.07141169  0.46124814 -0.30206244  0.48394949 -0.63758423
  0.41098713  0.02902883 -0.11057057 -0.38402173  0.72755672 -0.19977001
 -0.50433323  1.39792434 -0.79353991 -0.35579228  0.17979308  0.50018599
 -0.56254058 -0.26333991  1.18058733 -0.70855892 -0.05501542 -0.47658637
  3.00345698 -0.8496025  -0.88108728 -0.68584955 -0.37453763  2.01618624
 -0.83266012 -0.56531683  0.70148838 -0.64928614  0.02169925 -0.48859285
  0.63059058 -0.30892619 -0.4023056   0.94948284  0.01773883 -0.79681079
  0.2195067   0.21774671 -0.44845382  1.02135892 -0.72328082 -0.25907429
  1.47284608 -0.53269362 -0.82343163  0.70647565 -0.68543735 -0.035565
 -0.15829926 -0.14072761  2.29429175 -0.84721305 -0.52608165 -0.29721275
 -0.02442781  0.13686543  0.6753826  -0.27147918 -0.03183175 -0.51120875
  0.60942041 -0.47299629  0.91723781 -0.46059546 -0.31400999  0.01390302
 -0.18799047  0.65318441 -0.49807853 -0.02944512  0.74048106 -0.74475997
 -0.0693426   0.23168002 -0.39403386 -0.23299077  4.3954953  -0.89605572
 -0.84944084 -0.78947969 -0.5419946   0.56247938  0.2044914   0.14729155
 -0.42323894 -0.15980532  0.54386413 -0.55131155 -0.0927475  -0.30424166
  0.35416997  0.75362226 -0.64307754 -0.28406113  0.68490635 -0.57145834
 -0.04737301  0.46708238 -0.7167946   0.3852067  -0.48203989  0.14033807
  2.41069759 -0.87338631  0.11167419 -0.50975046 -0.81124778 -0.10413157
  0.7419169  -0.38326001  0.84659971 -0.83449251 -0.10732873  0.06043946
 -0.28759661  0.99140514 -0.54886138 -0.33425819  1.19468792 -0.91137513
 -0.15736179 -0.0119561   0.59225543 -0.00550084 -0.08046355 -0.1573019
  0.13111094 -0.59339291  0.09546912  0.91647698 -0.86351907  1.02087604
 -0.76430568  0.24643818 -0.39491914  0.0699234   0.91716539 -0.69735741
 -0.22979196 -0.37040093 -0.54190927  4.04560887 -0.82034604 -0.5622039
 -0.15764969  0.2851416   0.15834767 -0.60799093  0.72256619 -0.3475941
  0.22015594 -0.85879506 -0.01066541  0.12141317  0.26783147  0.00731832
  0.3756345  -0.24485102  0.1871556  -0.40648041  0.98521621 -0.89944638
 -0.30424066  0.88138346 -0.7217985  -0.29987545  0.16954573  0.70830182
 -0.15203713 -0.31971413 -0.45873352  2.63533852 -0.82019615 -0.79928188
 -0.32920533 -0.121087    1.07144889 -0.37259381 -0.02656652 -0.56467164
 -0.44379682  2.02968864 -0.60195208 -0.53603191 -0.0416493  -0.17074498
  0.62446152 -0.40406514 -0.60403572  1.32712837 -0.75986967  0.05721694
  0.00780548  0.30520352 -0.5456315   0.59759272 -0.57965616  1.66827562
 -0.84735734 -0.37780079 -0.63820421  0.06855899  0.26263022  0.51241864
 -0.27635958 -0.5714621   0.66468313 -0.3149112  -0.06006543  0.86738716
 -0.75884246 -0.17373988 -0.56787469  0.25430842  0.76476895 -0.73552511
  4.00663896 -0.84579876 -0.56242978 -0.75790513 -0.24879984 -0.46509018
 -0.20788903  0.09401855 -0.11827898  0.06938578 -0.55906379  1.85770177
 -0.68527973 -0.50715914  0.37584745  1.29067879 -0.60840379 -0.49261419
 -0.42865224 -0.00527644  0.85136608 -0.52463528  0.33412067 -0.35670002
 -0.02753139 -0.20119535  1.23677391 -0.65180779  0.95390777 -0.86902854
  0.02555338 -0.20923985  0.68652505 -0.93410933  1.13297277 -0.48387624
 -0.07928668 -0.18138706 -0.63539298  0.8471962  -0.09847347 -0.17990696
 -0.32187734  0.06963095  0.60183487 -0.5645403   0.21902294 -0.28154727
  0.079112    0.65994494 -0.69546163  0.28815762 -0.41509217  0.96681086
 -0.71839258 -0.30659409  0.19005873 -0.05249581  1.1020291  -0.61742312
 -0.33559395  1.00664754 -0.97458669 -0.05102815  0.02102692 -0.17303452
  0.0796002   0.01990023 -0.24148822  1.5928154  -0.83867306 -0.0485309
 -0.74150723  0.41597852  0.40060675 -0.55778578  2.98467706 -0.93552043
 -0.93272023  0.04283218 -0.73520271 -0.06795473  0.36091892 -0.16597565
 -0.3867392   0.35334303 -0.54534246  0.70406912 -0.66765778  0.79760324
 -0.34932774 -0.05131187  0.5202103  -0.77656116  0.77947741 -0.5366202
 -0.58729698  1.63665491 -0.49827356 -0.34593048  0.12562016  0.18769208
 -0.26435974 -0.48869087  0.59792766  0.2075334  -0.20348527 -0.19351537
 -0.18003945  1.89466421 -0.88643585 -0.65124588  0.67283847] 
RGE log scale grad 5 
[-1.00000000e+000 -1.00000000e+000 -1.00000000e+000 ... -8.58099708e+154
 -2.87010889e+153 -0.00000000e+000] 
RGE log scale grad 6 
[-1.00000000e+000 -1.00000000e+000 -1.00000000e+000 ... -3.43239883e+155
 -1.71619942e+155 -4.29049854e+154] 
RGE log scale grad 7 
[-1.00000000e+000 -1.00000000e+000 -1.00000000e+000 ... -0.00000000e+000
 -0.00000000e+000 -6.86479766e+155] 
RGE log scale grad 8 
[-1.00000000e+000 -1.00000000e+000 -1.00000000e+000 ... -3.43239883e+155
 -1.07262463e+154 -4.29049854e+154] 
RGE log scale grad 9 
[-1.00000000e+000 -1.00000000e+000 -1.00000000e+000 ... -0.00000000e+000
 -2.68156159e+153 -2.14524927e+155]paramter histories
[1.06322413 2.03188042 3.0847955  4.01671549 5.00173893 0.72575629
 0.69631309 0.74748532 0.72088841 0.7210779 ]
[123.55035792 102.08503805 -33.59010571 -37.66890496 -29.08252475
 197.72513961 198.64263361 198.98832158 198.20737923 198.28729639]
average time cost[  0.41  111.253]average mean error[   0.    1170.894]average scale error[6.00000000e-003 5.62393447e+171]average iteration time [array([array(400), array(None, dtype=object)], dtype=object)]average variance reduction-inf