mean[  1   2   3   4   5   6   7   8   9  10  11  12  13  14  15  16  17  18
  19  20  21  22  23  24  25  26  27  28  29  30  31  32  33  34  35  36
  37  38  39  40  41  42  43  44  45  46  47  48  49  50  51  52  53  54
  55  56  57  58  59  60  61  62  63  64  65  66  67  68  69  70  71  72
  73  74  75  76  77  78  79  80  81  82  83  84  85  86  87  88  89  90
  91  92  93  94  95  96  97  98  99 100 101 102 103 104 105 106 107 108
 109 110 111 112 113 114 115 116 117 118 119 120 121 122 123 124 125 126
 127 128 129 130 131 132 133 134 135 136 137 138 139 140 141 142 143 144
 145 146 147 148 149 150 151 152 153 154 155 156 157 158 159 160 161 162
 163 164 165 166 167 168 169 170 171 172 173 174 175 176 177 178 179 180
 181 182 183 184 185 186 187 188 189 190 191 192 193 194 195 196 197 198
 199 200 201 202 203 204 205 206 207 208 209 210 211 212 213 214 215 216
 217 218 219 220 221 222 223 224 225 226 227 228 229 230 231 232 233 234
 235 236 237 238 239 240 241 242 243 244 245 246 247 248 249 250 251 252
 253 254 255 256 257 258 259 260 261 262 263 264 265 266 267 268 269 270
 271 272 273 274 275 276 277 278 279 280 281 282 283 284 285 286 287 288
 289 290 291 292 293 294 295 296 297 298 299 300 301 302 303 304 305 306
 307 308 309 310 311 312 313 314 315 316 317 318 319 320 321 322 323 324
 325 326 327 328 329 330 331 332 333 334 335 336 337 338 339 340 341 342
 343 344 345 346 347 348 349 350 351 352 353 354 355 356 357 358 359 360
 361 362 363 364 365 366 367 368 369 370 371 372 373 374 375 376 377 378
 379 380 381 382 383 384 385 386 387 388 389 390 391 392 393 394 395 396
 397 398 399 400 401 402 403 404 405 406 407 408 409 410 411 412 413 414
 415 416 417 418 419 420 421 422 423 424 425 426 427 428 429 430 431 432
 433 434 435 436 437 438 439 440 441 442 443 444 445 446 447 448 449 450
 451 452 453 454 455 456 457 458 459 460 461 462 463 464 465 466 467 468
 469 470 471 472 473 474 475 476 477 478 479 480 481 482 483 484 485 486
 487 488 489 490 491 492 493 494 495 496 497 498 499 500]  cov[[14049.68069689     0.             0.         ...     0.
      0.             0.        ]
 [    0.         18835.36982787 -5321.70129512 ...     0.
      0.             0.        ]
 [    0.         -5321.70129512 23394.35768814 ...     0.
      0.             0.        ]
 ...
 [    0.             0.             0.         ... 50474.2185783
  -1581.99920747   329.36504299]
 [    0.             0.             0.         ... -1581.99920747
  50575.43891767 -4079.88584786]
 [    0.             0.             0.         ...   329.36504299
  -4079.88584786 44574.39123355]]   stdev[118.531349   132.75842705 147.95531982 100.43415008 142.48894209
 190.87100922 151.32973617 192.59581908 141.13727965  99.34193313
 117.00200324 175.93428575 182.58456723 152.29554093 123.14912525
 125.8488821  207.11874239 207.23299166 238.23729168 214.20457685
 223.60284089 241.78899642 235.77610486 227.76204698 251.39151185
 255.64488258 230.05950112 115.31312215 155.34691815 181.64299722
 181.84856316 190.0729796  161.9224865  167.86353848 146.05578292
 137.0827989  193.22113507 185.53661858 172.33651325 173.04048698
 174.17988259 175.16691795 184.8766542  126.57173993 115.08818961
 120.58882689 103.12409471 130.03541536 154.94028458 159.44059187
 169.71210875 117.90511379 177.0837571  178.45264515 198.36740293
 161.66300515 140.38022184 158.10986306 210.93223656 244.02803856
 215.63616162 207.26011788 237.15599185 188.3067644  150.16063173
 159.49305231 169.9519092  185.92683771 196.15125573 191.92398015
 155.90056818 162.6034158  258.77657088 257.80533043 236.26317521
 239.21509453 241.96890821 244.3025739  115.68583367 127.17518807
 114.08008649 136.77098329 157.30505372 130.77284178 198.00677826
 179.62647148 158.31137948 177.56033338 174.03694944 168.39879858
 256.48427233 260.44143975 227.29740143 231.6814867  220.44123022
 236.79562738 259.09569443 253.47310174 245.49109554 234.49214749
 248.60973128 237.23886977 138.78078627 227.12222725 196.1688211
 205.88692647 198.42522399 226.16135647 200.42511135 183.92083339
 214.48159392 199.87477885 157.6781517  159.28802195 116.71008733
 167.55894277 141.30901183 112.66981931 226.7848954  226.05935305
 226.34103278 256.90959316 241.61814778 237.67617751 130.71006848
 278.97276923 297.05556399 284.75974871 263.85742085 269.01712223
 274.98492075 266.99088949 280.01323294 259.8853418  249.57719434
 261.53236104 241.79145399 246.2670182  259.68755945 277.58203165
 163.2859732  160.74146034 150.94387745 169.9004971  230.77003661
 225.47919502 235.55918256 212.43862959 225.70078066 254.31163948
 223.30788712 223.33809131 241.1571425  237.92863225 237.23907352
 155.35800965 159.05088141 158.27162209 155.02931195 146.06508246
 161.55342778 222.80332142 212.11994604 221.08917252 216.58540722
 225.65779509 272.5338457  271.26054242 278.50550912 275.54125985
 272.75994481 267.71190512 271.25285919 163.09878521 134.28069479
 192.16135378 184.83837097 187.28933149 199.91797727 130.48553807
 119.94293738 144.33411182 132.810534   182.8023403  215.34749486
 213.58815836 209.35434459 159.41778951 155.37559529 177.9927192
 159.10945943 150.79645781 187.52038287 172.46137562 174.64574582
 218.74364474 133.2409037  122.39942238 196.25709302 146.28429014
 171.03362811 220.57518599 234.89150441 225.37940039 254.86250145
 220.55165561 244.7236173  257.64559506 264.31834745 244.26926421
 269.06853903 243.59362973 255.45178594 247.0609487  277.55408729
 276.20234781 282.74754186 288.27793145 270.06297305 273.91086607
 282.65885054 270.04369131 113.37326606 110.65862246 102.47109164
 230.25023783 207.96041474 197.90705719 201.84488882 206.5868212
 141.97288734 157.2341213  163.5222979   45.17953319 146.35305903
 158.54088351 218.25017152 219.56244207 207.10098295 194.72137074
 122.25850669 124.64037966 152.11189904 187.40568259 156.9109471
 107.62810257 127.12874463  99.76292401 161.46220303 210.70508194
 216.43221232 211.58872682 210.67419095 201.04563051  94.29336525
 142.60061296 139.64550435 208.58486343 188.2436041  197.36525714
 220.76626824 201.77850536 189.5439113  177.84890642 187.6566084
  99.4016155  157.97620406 157.16481602 150.94876458 188.16293593
 126.64907914 120.49901279 130.03650347 137.64639407 221.04801639
 234.6961623  230.8043884  234.80488182 201.44307736  70.67293502
 168.35630411 136.56434903 148.07437041 104.49276539 170.79358621
 168.37893111  62.79486202 123.65379066 125.86045546 206.44123335
 196.0388265  224.56962335 205.62919459 196.64260428 170.89155526
 111.82785055 151.65391782 194.41238081 197.20955336  93.76610131
 147.4842429  191.82769562 171.18653209 171.6828102  142.77014376
 118.30283615 296.48913471 312.32449839 289.76980761 283.61104489
 295.3035962  310.50273685 299.85063015 307.23289846 295.89674248
 224.63134969 253.11742829 255.42464649 246.00840257 230.20266802
 247.72425653 189.12134713 155.10556947 189.76026169  66.69512836
 170.37152965 170.38548596 176.09454612 162.28433689 113.50533528
 137.09672168 165.33785614 148.16170756 125.03506246 231.43771453
 201.11148414 219.4241583  211.41971199 223.41165815 203.15883592
 203.18354895 169.27862452 191.44115192 150.49644031 172.38231628
 150.22428415 103.69322916 128.32227025  58.02025641 148.86938191
 146.93789511 161.90800616 165.66494275 173.17607373 155.7968517
 160.9464159  163.26205772 168.44229787 116.53556698 162.11586744
 124.0187808   34.65376974  54.33706827 150.3044112  147.89096218
 182.79903282 138.40125574 194.31282538 191.10152527 175.1325633
 219.52801862 177.815461   212.49590482  70.05433235 107.18810358
 142.30599839 114.55787036 166.1736785  203.99742964 203.1626931
 183.05443515 186.10503836 122.39347154 151.63986713 179.81562156
 177.13522384 141.75550934 167.53495849 150.27505001 103.90479032
 126.77514428 220.50258781 210.71256774 206.12032219 194.98395807
 261.26167542 256.55653856 224.54243639 235.43750873 227.18495637
 231.59498247 167.56613037 148.91564911 151.92566355 156.09329033
 165.93909959 180.32689791 199.45627376 175.67033222 191.72229347
 181.59194633 168.51815996 157.86337764 247.89762289 238.71370076
 227.71681822 255.50029554 254.27499563 233.28342131 130.21449992
 138.08125156 142.52777434 155.39958804 158.83361632 154.99433258
 191.00854934 159.1625925  149.60543787 117.75367325  87.29851951
 161.21227049 151.78067219  80.99355356 179.30834318 182.70546046
 144.31051017 285.65304604 269.42351678 263.765274   281.56505875
 269.71827722 275.07539727 263.95586397 286.68080292 174.5433411
 145.68578301 162.99690868 176.89313678 195.75117974 174.00493466
 218.60721836 207.36127074 241.58121834 229.97398282 208.70415806
 136.79503338 186.80183632 173.36895033  12.50583213 140.39282962
 182.63391029 159.9959965  166.88622047 171.35044313 178.89956064
  98.71632478 210.00588514 223.88156573 233.95042715 216.53060321
 226.86554786 113.19012214 142.33365584 110.84898084 114.02070309
  88.61365686 108.09734004 101.81448966 166.44780733 114.65499723
 210.58586685 224.63292795 206.05347648 236.7449663  221.01197932
 165.21810642 196.55047465 142.08938564 155.27304711 131.61896165
 209.46352334 233.39114189 209.48408755 223.51073601 208.6310219
 225.30397621 234.41162168 223.70843554 223.37009178 208.76244359]lr0.5   iteration  30000