mean[  1   2   3   4   5   6   7   8   9  10  11  12  13  14  15  16  17  18
  19  20  21  22  23  24  25  26  27  28  29  30  31  32  33  34  35  36
  37  38  39  40  41  42  43  44  45  46  47  48  49  50  51  52  53  54
  55  56  57  58  59  60  61  62  63  64  65  66  67  68  69  70  71  72
  73  74  75  76  77  78  79  80  81  82  83  84  85  86  87  88  89  90
  91  92  93  94  95  96  97  98  99 100 101 102 103 104 105 106 107 108
 109 110 111 112 113 114 115 116 117 118 119 120 121 122 123 124 125 126
 127 128 129 130 131 132 133 134 135 136 137 138 139 140 141 142 143 144
 145 146 147 148 149 150 151 152 153 154 155 156 157 158 159 160 161 162
 163 164 165 166 167 168 169 170 171 172 173 174 175 176 177 178 179 180
 181 182 183 184 185 186 187 188 189 190 191 192 193 194 195 196 197 198
 199 200]  cov[[13213.65750009 -5269.67487757     0.         ...     0.
      0.             0.        ]
 [-5269.67487757 29660.59587204     0.         ...     0.
      0.             0.        ]
 [    0.             0.         24857.51035937 ...     0.
      0.             0.        ]
 ...
 [    0.             0.             0.         ... 11735.64467754
      0.             0.        ]
 [    0.             0.             0.         ...     0.
  27847.46577733   329.65879821]
 [    0.             0.             0.         ...     0.
    329.65879821 10514.07106929]]   stdev[110.80350288 166.00910308 157.6584919  159.34260896 155.29942197
 172.73442935 163.70239222 123.70474214  99.90959165 183.85795375
 187.18449479 196.34126231  95.58496703 203.12869298 173.60093577
 211.18494743 174.18479397 223.45940669 211.74126935 230.96943408
 213.1353846  212.75024648 161.3165276  121.44023498 172.89553172
 181.80976389 169.68741342 189.84852592  62.38953855 150.73745734
 143.37635961 248.99157355 243.94435654 264.98859308 252.60501816
 245.81290263 266.71392605 263.50599388 174.2381987  191.66435063
 158.01058497 107.10656575 116.47851341 179.13246357 148.63035238
 173.02573361 102.17039619 161.41546129 113.79258257 256.11041686
 254.09323287 223.75242268 251.49496026 252.88411788 228.83345333
 102.4461597  146.83963053 137.48468932 137.7786981  249.0743409
 260.2317638  226.74426937 221.97898477 246.03221407 232.06670893
 112.04864302 164.85190207 271.1877849  264.93031247 242.68056283
 266.90461703 245.60933528 274.2381032  269.83341872 163.5660713
 105.42966322 140.98820029 223.97916105 259.93458245 226.36769826
 250.69700194 241.82071802 248.73973532 163.07778796 162.71229665
 162.29144076 173.12968355 190.76312118 151.22188841 139.56293482
 147.60842053 210.64993959 179.95768924 219.21524699 201.6298555
 296.48388939 285.42345264 288.56743369 273.43399441 271.94741122
 267.00253448 291.87319763 273.63536672 269.01374298 287.97773789
 289.98743985 289.10882307 264.42353447 274.28140527 290.29172036
 263.4841526   95.31522277 147.5938172  180.20448993 180.01716154
 183.93167362 188.25290581  49.24463011  83.30047322 216.24395872
 216.45095623 212.14008179 244.21296415 216.84964685 140.523492
 135.5913707  133.7803327  201.83261706 203.62294133 200.03330686
 208.47512404 188.81341031 208.04128154 212.58607194 211.30309834
 195.27407953 213.12954016 216.2601058  215.37992254 285.27152714
 312.69016366 310.01156121 306.30180114 294.76240683 302.3417663
 311.91483396 288.70917355 313.37118292 103.57354889 162.54445076
 155.38553303  69.57505186 243.21568339 253.35460834 261.50614469
 276.36568639 271.51670863 269.836335   245.49380948 155.18427285
 193.47780414 161.5849431  152.80162073 107.56062986 195.50635702
 184.45710011 179.58936482 122.59272358 102.2877608  130.75676907
 115.94002122  79.25482513 184.60684659 195.15811485 189.24822199
 184.58650425 114.25021109 148.76990422 101.42967367 122.56135225
  44.51486824 126.13231911 235.70500504 221.69739521 240.5344153
 234.00511935 223.50382761 250.12046116 155.89007954 168.7959671
 189.40621992 170.72248022 143.13822417 113.56946563 159.72167754
 146.53428871 154.03880454 108.33118054 166.84462723 102.51911316]lr0.5   iteration  30000