mean[1]  cov[[5.]]   stdev[2.23606798]lr0.5   iteration  30000 
KL elbo 
[ 1.08838339e+03  2.83417826e+02  1.29133948e+02  1.23229384e+02
  1.56129636e+02  5.98032219e+01  1.65820114e+02  8.74487731e+01
  1.74669586e+01  2.54695480e+01  3.96100502e+01  7.25535727e+01
  1.11540572e+02  2.95349963e+01  1.08850071e+01  6.99791690e+01
  4.93220426e+01  3.90435050e+01  1.42173550e+01  3.76061868e+01
  6.18061004e+01  2.14291330e+01  3.26242019e+01  2.41516536e+01
  1.88545484e+01  3.55441666e+01  7.57438407e+00  1.76623038e+01
  3.19114653e+00  2.59711078e+00  1.69987036e+01  1.95049889e+01
  5.65010962e+00  3.10787884e+01  2.18683366e+00  2.34920527e+00
  1.31236694e+01  1.11478511e+01  2.66447527e+00  1.21124753e+01
  6.32476738e+00  1.52227555e+01  3.64358534e+00  4.48233569e+00
  4.61601957e+00  2.11200766e+00  1.94433941e+00  4.54854445e+00
  3.81603766e+00  4.00695287e+00  6.78130690e-01  1.79777751e+00
  3.21074063e+00  1.67226127e+00  5.28484727e+00  1.94630768e+00
  6.52272701e+00  1.80738986e-01  2.72086867e+00  9.31647366e-01
  1.46051366e+00  1.37054842e+00  8.91012807e-01 -3.76934346e-01
  1.20190222e+00  9.90628454e-01  1.53481201e+00 -6.11485383e-02
  1.86084075e+00 -1.52463857e-01  6.64084159e-01  3.69315225e-01
  2.33572820e-01  2.53917362e+00 -3.13266756e-01 -9.30238536e-02
  1.19420523e+00  6.41556452e-02  1.20510004e-01  2.05855031e-01
  2.71047050e-01  7.78349377e-02 -5.03521629e-01 -6.60168784e-01
  5.12677880e-01 -1.00645477e-01 -1.32533007e-01  1.31144693e-01
 -2.21979950e-01  1.12419644e+00  1.18504779e-01 -2.23809051e-01
 -2.77904795e-01  1.09410188e-02  6.71579534e-02 -3.99559529e-01
 -1.29064512e-01  4.74131213e-01 -4.54675704e-01 -1.08729083e-01
  2.36285292e-01  3.39434019e-01 -5.99318836e-03  9.23472735e-02
  3.66204086e-01  9.59738095e-02 -3.08145075e-01  8.15190675e-01
 -1.53933620e-01 -3.21791495e-01  2.25111659e-01  3.80354523e-02
 -3.64300120e-02 -2.11761399e-02 -2.41298142e-01 -1.45120508e-01
  1.01137948e-01  6.09718863e-02 -3.12425926e-01  6.38758043e-02
  1.48815132e-01 -2.01281259e-01  1.00450670e-01 -4.28381315e-02
  5.38899198e-02  7.58262656e-02 -4.09671507e-01  1.59115909e-01
 -2.75611005e-02 -2.05697327e-01  1.38342716e-01 -1.98397819e-01
 -2.02008908e-01 -5.12283231e-01  4.62702918e-01  1.99671493e-01
 -1.16375332e-01 -4.58676080e-02  1.08752332e-01  5.96642850e-01
 -2.44526366e-02  3.89201723e-01  5.65311241e-02 -1.40476250e-02
  1.27839107e-01 -2.63830638e-02  1.05629151e+00  4.04162444e-01
  2.69720146e-01  1.87715289e-01  2.95175864e-02 -2.00568052e-02
 -2.77008722e-01  1.21668550e+00  3.69910232e-01  1.46352381e-01
  2.08378185e-02  1.67928452e-02  2.85858487e-01  2.52478203e-01
  1.56711221e-02  2.43069610e-01  1.61348970e-01  2.76679723e-01
  9.87667351e-02 -1.83227857e-02  1.68900850e-01  3.59896285e-01
  2.40697012e-01  1.86781301e-01  3.02625675e-01  1.52999453e-01
  4.90775436e-02  9.13437016e-02  4.40602325e-02  1.85804120e-01
 -4.94009623e-02 -1.56613709e-01 -1.06651783e-01  4.99623553e-02
  5.60452479e-01 -7.59446787e-02  8.19791214e-02 -5.00172119e-02
 -3.73078591e-01  3.71705350e-02  1.68991758e-01 -6.49293605e-03
 -9.67599299e-02 -1.39884154e-01 -8.36701680e-02 -3.20147853e-01
  6.39418084e-01  3.54200898e-01  2.15811947e-01  7.78163826e-02
 -6.35096152e-02  2.26299157e-01  1.61087584e-01 -1.05309352e-01
 -2.31550210e-01  1.51222698e-01  1.94720182e-01  8.15541031e-02
 -1.96946320e-02 -2.08605523e-01  1.55235388e-01  1.04790535e-01
  1.42826949e-01 -6.52267864e-02  2.79922823e-01  1.61764592e-01
 -1.91066721e-01  5.90353895e-01  3.72032602e-01  1.94380892e-01
 -1.59221278e-01 -2.57341765e-01 -3.22850799e-02  4.96966545e-02
 -2.92397220e-01  2.14076278e-01  1.23909156e-01  7.65000632e-01
  4.46835962e-01  1.87343117e-01  3.85253728e-01  9.01467448e-02
  4.30320872e-03 -3.45858080e-02 -1.77740804e-01  9.42120667e-01
  6.05091998e-01  2.74943038e-01  1.12813631e-01  7.88406308e-02
 -7.07452283e-02 -2.88893608e-01 -1.80172501e-01  9.90267410e-01
  4.92639118e-01  1.02301405e-01  8.18966284e-02 -1.76395715e-01
  2.13265422e-01  1.42783264e-01  1.15577850e-01  3.59398977e-01
  2.64458250e-02 -3.52862293e-01  3.78458129e-02 -8.48772713e-02
 -2.93863633e-01  4.09393366e-01  4.02398071e-01  3.95410158e-03
 -1.19476861e-01  1.39598464e-01  2.22233978e-01  1.93055865e-01
 -4.44023877e-02 -5.79136067e-02 -1.32796180e-01  2.04222559e-01
  6.62528021e-02 -1.50677623e-01 -9.29619933e-02  4.97769004e-01
  3.66968849e-01 -7.51786384e-02  5.38061661e-03  1.72452053e-03
  1.85834736e-01  2.54348572e-01 -7.80802296e-02  2.46360617e-01
  1.08045735e-01 -5.41207951e-02 -1.07875142e-01  1.52511694e-01
 -8.17987557e-02 -3.78953539e-01  2.27475451e+00  6.95064209e-01
  3.65571422e-01  1.93838506e-01 -7.28827578e-02 -3.10226810e-02
 -2.39665411e-02 -2.11650803e-01 -4.84157512e-01  3.23389160e-01
  3.59915885e-03 -1.55083116e-01 -2.12993208e-01  2.91300824e-01
  1.38605794e-02  2.40685557e-01 -1.27700974e-01  7.47592645e-02
  3.21550669e-03 -1.11731266e-01  9.08080778e-02  4.96424194e-02
  2.81153678e-01  3.38227776e-02 -1.43914917e-01 -2.01336257e-01
  8.03521105e-01  3.54203047e-01 -3.57634175e-02  6.37643734e-02
 -7.79831316e-03  3.51123375e-01  8.49453617e-02  3.50215680e-01
  1.84253779e-01 -2.49771160e-01 -4.19097585e-01 -2.30720863e-01
  7.46333202e-02  7.80121049e-02 -7.12546567e-02  2.85056595e-02
  3.90230093e-01  3.71430453e-01  9.76047365e-02  6.55486115e-02
  2.54921139e-01  3.08460695e-01 -2.50387403e-01  1.07045472e+00
  7.11521113e-01  3.20923035e-01 -1.83510566e-02  1.13039823e-01
  1.44531510e-01 -2.07535174e-01  1.35988617e-01 -7.40211625e-02
  1.04730511e-01  2.07529015e-01  3.95321192e-01  2.45319388e-01
 -2.37342439e-01  4.31129798e-01  2.01138978e-01 -2.01092601e-01
 -1.65496029e-01  4.90795670e-02  1.89066447e-01  1.32062693e-01
  6.74806231e-02 -2.02962737e-01  5.98960727e-01  4.26355358e-01
 -4.35600003e-02  9.51362093e-02  5.80703282e-02 -1.00346403e-01
  4.27709658e-01  1.66160735e-01 -3.25603534e-01  6.19877365e-01
  2.57032865e-01  2.62777563e-01  1.32444295e-03  7.60257340e-02
 -1.81277662e-01 -4.03198782e-01 -1.37106833e-01  2.51369485e-01
  2.08164799e-01 -9.17906381e-02 -3.38021573e-01 -2.50089819e-02
  1.51424481e-01 -2.09529017e-01 -7.12144727e-02 -1.14730346e-01
 -8.58636374e-02 -2.34785259e-01 -9.67537622e-02  1.37424816e-01
  1.36544788e-01  4.03515033e-02  2.19905647e-01  4.06725965e-01
  1.97937540e-01 -1.45816964e-01  7.23603004e-01  7.45156184e-01
  1.88313458e-01 -1.30464417e-01  8.80114217e-01  4.89587093e-01
  1.20649138e-01 -3.83548549e-02 -9.17381009e-03 -6.82356917e-02
 -1.36437790e-01] 
RGE elbo 
[ 1.12105593e+03  1.82735346e+02  1.78385928e+02  1.07637230e+02
  9.67649460e+01  5.59795438e+01  9.54343822e+01  6.46033635e+01
  6.76491828e+01  9.28580794e+01  9.03550897e+01  6.79539171e+01
  2.38216575e+01  3.04616073e+01  4.04324841e+01  2.91797557e+01
  2.76523912e+01  2.95365276e+01  8.92993976e+00  2.30690168e+01
  2.37800023e+01  2.57820198e+01  3.04749425e+01  1.14634864e+01
  1.89929924e+01  1.54190342e+01  1.12900978e+01  6.08051708e+00
  3.64135216e+00  1.95557168e+01  2.04389585e+01  1.12700565e+01
  4.70916511e+00  7.70173001e+00  8.59786084e+00  6.86829618e+00
  9.70531982e-01  4.64697687e+00  7.38442783e+00  7.84507090e+00
  9.85002268e+00  2.67474023e+00  4.91939222e+00  2.62001590e+00
  1.32211313e+00  3.59331159e+00  1.63875373e+00  1.61251840e+00
  2.41564955e+00  1.34461756e+00  3.36285885e+00  1.34014266e+00
  1.47332766e+00  1.48010320e+00  5.00138847e-01  2.98746792e+00
  2.11318801e+00  1.99020217e+00  7.67269024e-01  3.88530184e-01
  3.79329900e-01  3.67822491e-01  5.20951214e-01  6.55896367e-01
  8.89878264e-01 -9.05613796e-02 -1.40628609e-01  1.14731671e+00
  5.63492707e-01  8.32914149e-02  1.58347979e-01  1.78011135e-01
 -6.95076229e-02  2.25617561e-01  1.40079904e-01  7.04490875e-02
  6.34923270e-02  3.71787752e-01 -1.41186480e-01  1.14592068e-02
  2.28383949e-01  2.35750419e-02  9.38042968e-02 -4.01198549e-02
  5.36602867e-02 -6.23317401e-02  9.57403580e-03 -4.81559436e-02
 -1.44984967e-01  3.49977047e-02  1.65148382e-01  5.55101702e-02
 -1.45263211e-02  2.63034221e-01 -2.47747790e-02  4.54325302e-02
  3.32221160e-02 -2.15007526e-02  9.69959294e-02 -1.92409566e-02
 -1.21246894e-03 -1.05849429e-02 -1.22345452e-03 -1.50621767e-02
 -2.68820994e-02 -5.37492246e-02  3.91785063e-03  9.14246704e-02
  5.21031562e-03 -4.25008327e-02  3.91498490e-02  4.16955421e-03
  1.13221690e-02  1.37166265e-02 -3.01664984e-02  6.62515818e-02
 -6.22566889e-02 -3.12298716e-02  6.26643688e-02  5.31092959e-02
 -5.89342430e-03  6.63749677e-02  3.20236661e-02 -2.81477928e-02
 -1.25982133e-02 -3.38258494e-02 -2.21247045e-02  2.12524682e-02
 -1.41083879e-02  9.42828650e-03  3.67465744e-02 -2.25654276e-02
  3.74288588e-02 -3.78977681e-02  3.91249978e-02 -1.62587883e-03
 -3.72882463e-02  1.05473028e-03 -4.26037458e-02  2.01628120e-02
 -1.03214175e-02 -5.18850537e-02  2.02838367e-03 -1.46558773e-02
  5.64629709e-04 -8.03181410e-03  2.39944080e-02  5.76269283e-02
 -4.84733085e-02  4.14256232e-02  2.15058954e-02 -4.70867486e-03
  3.43869863e-02 -3.13669800e-03  1.54942827e-02 -8.22111699e-03
  2.46187643e-02 -5.71155433e-02 -5.80657839e-02  2.25990427e-02
 -3.74892911e-02  7.11871584e-02  4.54312698e-03  1.48907653e-03
 -2.93153992e-02  1.21443758e-02  8.35010634e-02  1.78299857e-02
 -3.41415395e-02 -9.64488710e-03 -5.65125469e-03 -2.34877844e-03
  2.22370650e-02 -2.35148030e-02  6.02369440e-03  2.64148561e-03
 -3.56712366e-02 -1.67466919e-02 -2.80317752e-02  3.16307390e-02
 -1.99578653e-02 -2.86738183e-03 -4.51251575e-02  2.22821375e-01
  8.30962466e-01  4.37321446e-01  2.03479647e-01  6.02198135e-02
  3.31455222e-02  1.67563348e-02 -7.61181085e-02 -1.31968982e-02
 -2.03595130e-02  1.95173653e-02  1.18223452e-02  3.71533589e-02
  2.03339645e-02  4.17183058e-02 -2.09498449e-02  1.10966304e-02
 -7.24460378e-04  2.26964617e-02  3.11676749e-02  2.65121394e-02
  6.92556049e-02  2.11703910e-02  1.84350017e-02 -3.89652423e-02
 -4.42793652e-02  2.16340809e-02 -1.71922608e-02  1.35106378e-03
  2.55580136e-02  1.66921248e-03 -3.08144347e-03 -1.83968096e-02
 -6.02973912e-02  2.26512113e-02 -5.10153798e-02 -1.99586159e-02
 -1.95263216e-03  4.40301982e-03  3.68215334e-02  4.49992232e-02
  5.61237495e-02 -2.16438627e-02  4.15435051e-02  5.09929481e-02
  3.64844043e-02 -5.89348566e-02  2.96246480e-02  6.31123939e-02
  2.10655258e-02  1.52579851e-02  5.08567677e-03  9.82565162e-03
  1.43133582e-02  1.96968994e-02  1.65600219e-01  3.93439638e-01
 -2.07562387e-01  3.75744767e-01  4.53323944e-02  1.13973553e-02
  5.12532623e-02  1.82997042e-02 -1.02607240e-02  3.68229373e-03
 -2.92841257e-02 -2.77364020e-02 -1.79885307e-02  3.88561098e-02
  6.22915744e-02  1.65389569e-02  1.09342821e-01  1.30400852e-01
  2.34943759e-01 -2.87824004e-02  7.23842312e-02 -6.88680532e-02
  1.01293946e-01  1.58150146e-04  1.05491253e-01 -4.99030533e-02
 -1.41463882e-01  5.03864312e-02  1.23795940e-01  8.19164972e-02
  1.89120760e-01  2.01727663e-01  2.21469925e-01  1.13293815e-01
  1.26811526e-01 -9.28949129e-02  8.40394942e-03 -8.53797189e-02
  6.80991333e-02 -8.64043316e-02  2.97668606e-02  1.14558420e-01
  9.90669405e-02  1.83165712e-01  1.01035105e-01 -7.31669399e-02
  1.64901565e-01  9.80478049e-02 -2.05030149e-02 -1.06831983e-01
  1.92567187e-01 -7.64889804e-02 -7.40271664e-02 -9.43979369e-02
 -1.33703597e-01 -1.32015675e-01 -8.23910518e-02 -1.61315559e-02
  1.53006857e-01  8.59431707e-02  7.46671492e-02 -8.47401845e-02
  7.91571345e-02  1.56615100e-01 -2.30955966e-01 -4.49069942e-03
  1.51245106e-01  1.55589760e-02  1.56752053e-01  1.67961732e-03
  9.72486292e-02  3.05404390e-02 -7.90933412e-02  2.88271800e-01
  3.94136034e-02 -4.10526189e-02  2.19534609e-01  4.14630108e-02
  1.18978373e-01  2.59991689e-02  2.18929391e-01  4.53014335e-02
  1.87462894e-01  1.74067249e-01  8.31065052e-02  1.59878425e-01
  6.32137733e-02  9.51251372e-02 -5.11299659e-01  4.69022026e-02
  1.02335559e-01  2.90364042e-02  1.78583958e-01  2.19594839e-01
  1.72661287e-01  2.59414272e-02 -1.79659353e-02  2.75221566e-01
 -1.56644863e-01  9.66931767e-02  3.84723848e-02  2.34889513e-01
  1.18943582e-01  7.82211458e-03 -4.56075836e-02 -7.90292805e-02
  8.42967582e-02 -9.26582278e-02  1.78407975e-01 -1.01789242e-01
  1.09436409e-01  1.12177333e-01  1.80427327e-01 -1.21910212e-01
  6.28399625e-02  4.96430280e-02  1.65639917e-01  5.90280465e-02
 -5.82254273e-02 -6.19391583e-02 -1.44991830e-02  5.81664277e-03
  9.05503521e-02  3.96861747e-03 -9.42228595e-02 -9.36697666e-02
  1.56566669e-01 -3.47330280e-02  1.19893322e-01  5.34314912e-02
 -6.08348355e-02 -6.24000002e-02  2.18151284e-01  1.36786861e-01
  1.90489875e-01 -1.57897991e-01 -1.09606188e-01  2.41018920e-01
  8.92144601e-02  3.45456165e-02  6.91087425e-02  1.46750259e-01
  1.13191846e-01 -3.71221386e-02  1.73938941e-01  1.18639684e-02
  1.74197746e-01 -4.59940198e-02  3.56371934e-02  1.74070796e-01
  1.05231252e-01 -1.30448487e-01  5.01851649e-02  4.31540146e-02
  8.49287691e-02 -8.93816151e-02  2.57447323e-01 -1.97139737e-02
 -6.13960109e-02 -1.39164288e-01  1.35617871e-01  4.90965388e-01
  6.20738884e-02] 
RGE mean 0 
[ 1.50000006  1.24006244  1.10896204  1.04628734  1.01822721  1.0065802
  1.00214809  1.00062298  1.00015675  1.00003309  1.00000557  1.00000069
  1.00000005  1.          1.          1.          1.          1.
  1.          1.          1.          1.          1.          1.
  1.          1.          1.          1.          1.          1.
  1.          1.          1.          1.          1.          1.
  1.          1.          1.          1.          1.          1.
  1.          1.          1.          1.00000001  0.99999997  1.00000014
  0.99999927  1.00000403  0.99997645  1.00014626  0.99903478  1.00676653
  0.94966957  1.38040451 -0.05563435  1.42414649  0.84151997  1.06861174
  0.96519922  1.02045491  0.98622841  1.01051555  0.99096901  1.00866295
  0.99077313  1.01085658  0.98595073  1.01991644  0.96918775  1.0518011
  0.90602356  1.18056118  0.65603375  1.53261565  0.47172142  1.37975063
  0.74885525  1.1725751   0.87128817  1.10553838  0.90471283  1.09445841
  0.89772932  1.12002076  0.84910388  1.19922546  0.73357176  1.33981684
  0.61534634  1.3738164   0.67648906  1.26664693  0.7789141   1.19048958
  0.82671786  1.16733872  0.82865567  1.1848101   0.79254572  1.23789917
  0.72829033  1.30025964  0.68628333  1.30800757  0.71203611  1.26260684
  0.76072758  1.22179766  0.78852653  1.20834564  0.78804823  1.22148371
  0.76443694  1.25187534  0.73292425  1.27747338  0.71949008  1.27603964
  0.73375057  1.25435616  0.75674286  1.23489685  0.76973864  1.22960423
  0.76736354  1.23860653  0.75367847  1.25422502  0.73935358  1.26423056
  0.73562655  1.26139987  0.7436335   1.25063384  0.75454212  1.24175022
  0.75999529  1.24031758  0.75756145  1.24583115  0.75024557  1.25338743
  0.74400253  1.25711301  0.74336523  1.25483372  0.74775949  1.24948118
  0.75287522  1.24558141  0.75494428  1.24554321  0.75314504  1.24866409
  0.74942887  1.25218376  0.74680209  1.25345975  0.74701036  1.25196109
  0.74935544  1.24933687  0.75170325  1.24769978  0.75238353  1.24801178
  0.75123779  1.2496863   0.74941632  1.25127624  0.74835693  1.25164137
  0.74869144  1.2507462   0.74990836  1.24948558  0.75095648  1.24883607
  0.75111953  1.24914295  0.75044983  1.25000706  0.74958255  1.2507034
  0.74918051  1.25075919  0.74944758  1.25025568  0.75006232  1.24966416
  0.75051492  1.24942652  0.75051197  1.24964545  0.75014206  1.25007766
  0.74974009  1.25037184  0.74960205  1.25034159  0.74977766  1.25007048
  0.75008031  1.2498      0.75026785  1.24972448  0.75022751  1.24986107
  0.7500315   1.25007142  0.74985031  1.25019008  0.74981173  1.25014885
  0.74991651  1.25000788  0.75006182  1.24988771  0.75013536  1.24987083
  0.75009788  1.24994975  0.74999743  1.25004951  0.74991825  1.25009431
  0.74991335  1.25006231  0.74997216  1.24999116  0.75004018  1.24993954
  0.75006671  1.24994089  0.75004054  1.24998417  0.74999052  1.25003027
  0.74995718  1.25004545  0.74996137  1.25002466  0.74999294  1.2499897
  0.75002396  1.24996844  0.75003219  1.24997358  0.75001604  1.2499964
  0.74999177  1.25001712  0.7499784   1.25002121  0.74998348  1.25000889
  0.74999985  1.24999215  0.75001358  1.24998388  0.75001528  1.24998843
  0.75000602  1.25000008  0.74999454  1.2500091   0.74998954  1.2500095
  0.74999337  1.25000262  0.75000161  1.2499948   0.75000749  1.24999185
  0.75000721  1.24999497  0.75000216  1.25000076  0.74999687  1.25000454
  0.7499952   1.25000397  0.74999766  1.2500003   0.7500017   1.24999674
  0.75000411  1.24999585  0.75000346  1.24999776  0.7500008   1.25000055
  0.74999843  1.25000206  0.749998    1.25000144  0.74999945  1.24999954
  0.75000138  1.24999797  0.75000231  1.2499978   0.75000176  1.24999889
  0.75000041  1.25000021  0.74999938  1.25000077  0.74999935  1.25000031
  0.75000016  1.24999935  0.75000106  1.24999869  0.75000138  1.24999873
  0.75000101  1.24999932  0.75000034  1.24999993  0.74999991  1.25000011
  0.74999999  1.24999982  0.75000042  1.24999935  0.75000082  1.24999908
  0.75000092  1.24999916  0.7500007   1.24999947  0.75000037  1.24999974
  0.7500002   1.24999979  0.75000028  1.24999962  0.7500005   1.24999939
  0.75000068  1.24999929  0.75000069  1.24999936  0.75000057  1.24999951
  0.75000042  1.24999963  0.75000035  1.24999963  0.75000041  1.24999954
  0.75000052  1.24999943  0.75000059  1.2499994   0.75000059  1.24999944
  0.75000052  1.24999952  0.75000045  1.24999957  0.75000043  1.24999956
  0.75000046  1.24999951  0.75000052  1.24999946  0.75000055  1.24999945
  0.75000054  1.24999948  0.7500005   1.24999952  0.75000047  1.24999953
  0.75000047  1.24999953  0.75000049  1.2499995   0.75000051  1.24999948
  0.75000052  1.24999948  0.75000052  1.24999949  0.7500005   1.24999951
  0.75000048  1.24999952  0.75000048  1.24999951  0.7500005   1.2499995
  0.75000051  1.24999949  0.75000051  1.24999949  0.75000051] 
KL mean 0 
[ 2.5         3.00004313  2.5916402   3.01455419  2.28351385  1.77807357
  0.84339942  1.05557136  0.79118705  0.68300612  0.62628884  1.05956216
  0.45677813  0.66987366  0.12105962  0.27112009  0.28456749 -0.23253713
 -0.30760214 -1.0971108  -0.56457414 -0.47630707 -0.78573547 -0.50097603
 -0.16763574 -0.11053861 -0.06243704 -0.36755389 -0.13550519 -0.02083765
  0.14872912 -0.41202073 -0.4491817   0.48419746  0.5794226   0.60780889
  0.88587589  0.59534475  0.91291343  0.78059542  0.96844301  1.22482524
  0.98520511  0.15851611  0.24584293  0.41212964  0.20426325  0.56022642
  0.15282619  0.75719437  1.13444958  0.91655947  0.22290191  0.42697794
  0.95414506  1.01191907  0.58493478  0.26341741  0.51986594  0.09926359
  0.59852219  0.77183692  0.74880433  0.97237127  1.20713829  0.73559947
  1.18080686  1.159331    0.78582725  0.97170598  1.03660586  1.07224678
  1.23184147  1.29877474  1.41924003  1.2302609   1.41271398  1.33120231
  1.40351829  1.31673966  0.83881232  0.74569719  0.91064392  0.58197453
  0.28168366 -0.25468816  0.57065564  0.21240714  0.45217778  1.44793014
  0.95735473  0.80089521  0.85895744  0.65260691  0.46072483  0.32572542
  1.0842007   1.57008482  1.36162015  1.16539647  1.48542731  1.73717387
  1.17223494  0.56862777  0.99253512  0.85345047  1.34663927  0.65550506
  0.76204833  0.455051    1.04013599  0.94383765  1.15264514  0.90139575
  1.49050638  0.84020589  1.59297247  1.57812586  1.31480518  1.23730671
  0.39813379  0.92370504  0.13278158  0.28557364  0.47354083  0.55708366
  0.53219037  0.59098042  1.01440948  1.13471198  0.91321695  0.48991554
  0.32366204  0.4337547   0.78853816  1.40506723  0.52839365  0.74182161
  1.35268475  0.89284567  0.55230554  0.31866568  0.45230051  0.96570482
  0.13865308  0.60380936  1.27461119  0.69551747  1.08193882  0.8867886
  0.69345531  1.47294321  1.0090741   1.34709836  1.27678906  1.02832293
  1.00022291  1.53825922  0.83166571  1.71637594  1.13261879  2.13687922
  1.71218342  1.13612448  0.97397545  1.11506097  0.64043942  0.70300236
  0.85101647  0.7627967   1.10756855  1.52049185  1.02758951  0.97054756
  0.30698406  1.26119237  1.38762494  0.98963088  0.27520012 -0.7315776
  0.03924537  0.32975894  1.18493523  0.89924027  0.44319591  0.38871546
  0.64207079  1.30581944  1.10986886  1.35065841  1.67782908  1.24717737
  0.52605624  0.74331546  0.72031327  1.18116744  1.94434243  1.44318517
  1.1541248   1.05985956  1.39043806  0.92364492  1.73470895  1.03487079
  1.19944015  1.17468871  0.984189    0.64058944  1.31247878  0.97737597
  0.90068546  0.85916917  1.38065452  0.282904    0.64781598  1.18176988
  1.10000153  0.33635746  0.6289032   1.35067263  1.31491527  0.79973405
  1.09483345  0.46746921  0.69414577  0.54619615  1.05491618  1.32770538
  0.75193885  0.60610803  1.34819692  2.04925855  1.54547867  1.04454714
  1.7500681   1.63824445  0.9608505   1.23101117  1.3107457   0.66061768
  0.60710516  0.41392903  0.9392698   0.89937293  1.20069747  1.00202072
  1.8106212   1.02465878  0.83634087  1.18031145  1.2713413   1.61371224
  1.72939481  2.02682738  1.13616205  0.88330759  0.80061785  0.5823317
  1.1104161   1.36924252  0.86136232  1.18983382  0.24615622  0.72394609
  0.37061579  0.06066684  0.88669938  1.30856813  1.48113028  1.35321216
  0.82298754  1.5044496   0.96665283  0.54365941  0.97307526  1.48911368
  1.17679342  1.11533769  1.12147506  1.06289417  1.30286867  0.90755395
  0.49076602  1.24092861  0.97356752  0.8034822   1.01623443  0.64248491
  0.97971238  1.42503113  1.1949944   2.29014443  1.53820777  0.89367646
  1.15216914  1.87792657  1.16869849  0.33890029  0.76368326  1.41287912
  0.72165139  0.59862983 -0.10003379  0.31542817  0.38552648  0.49794196
 -0.12717791  0.13704843  0.92100643  0.77318585  0.86973976  0.45204205
  0.78746688  0.9434042   0.90398392  1.09751428  0.61288957  0.70463761
  0.82754538  0.81283627  1.00917231  1.06540066  1.58005871  1.61924145
  1.81364919  0.88569672  1.09170328  0.45310512  0.28302693  1.33018995
  1.07415686 -0.02809071  0.66811641  0.64515176  0.88736806  0.49956698
  1.03098946  1.0573477   1.79577723  2.09064997  1.60452726  0.90182107
  0.76803902  0.76590766  1.10756256  1.23705044  1.33908639  1.72483278
  1.72469926  1.55887115  2.22344754  1.64366488  1.50098158  1.52454255
  1.822565    1.00713172  1.28047907  1.782096    1.37022644  1.56212157
  0.38701871  0.91957047  1.02105434  0.7605159   0.93320715  1.77811606
  1.15235734  0.81817281  0.33502702  0.53477165  1.3915839   1.16245528
  1.38306824  1.03186806  0.59911032  0.16701315  1.01422562  1.12868593
  0.93199578  0.96342813  1.04436702  1.12987983  0.41478401  0.70531539
  1.39918589  1.74415264  1.04069707  0.8195761   1.16894904  0.54124868
  0.06222629  0.6246149   1.01378546  1.29321509  0.27005013  0.48311605
  0.93669158  1.17597285  0.76932888  1.15482217  0.31550193] 
 KL log scale 1 
[ 3.97213595  3.83390733  3.76764375  3.69987967  3.61197739  3.57557049
  3.47159723  3.41262842  3.39879016  3.37834877  3.34598787  3.285543
  3.18871639  3.16028816  3.14753649  3.07584497  3.02184044  2.97577074
  2.95657673  2.90609267  2.82571728  2.79409864  2.74368305  2.70527869
  2.673244    2.61071014  2.59425344  2.55742431  2.54836339  2.53965163
  2.49919545  2.44951809  2.43175994  2.35208127  2.34218936  2.33122488
  2.287846    2.24807529  2.23483496  2.18755516  2.15933207  2.09515746
  2.07517476  2.05038423  2.02405799  2.00856828  1.99228564  1.96284121
  1.93434959  1.90610022  1.89541511  1.87661249  1.84677526  1.82775854
  1.78087865  1.75727273  1.69366816  1.68337298  1.65033744  1.63151508
  1.61009114  1.5864055   1.56685523  1.56244733  1.53708036  1.51414548
  1.48259138  1.47325518  1.43319475  1.42543684  1.40261776  1.38449265
  1.36835709  1.303735    1.29941952  1.29068115  1.2494894   1.23666186
  1.22155437  1.20404416  1.18499699  1.17037849  1.17528712  1.18525937
  1.15118032  1.13846075  1.13997146  1.11822133  1.11588794  1.05357586
  1.03782814  1.03724072  1.03995815  1.02491226  1.0059786   1.01809906
  1.02017177  0.96886191  0.99330677  0.98796895  0.95100144  0.90490404
  0.90355875  0.8863817   0.84265421  0.8276637   0.86283513  0.76040925
  0.78718824  0.8320788   0.80393079  0.79833958  0.8055526   0.8100505
  0.85398332  0.88231019  0.8511737   0.82898703  0.89819963  0.86251478
  0.82059176  0.88307776  0.83124055  0.84302757  0.82243685  0.79503801
  0.93461214  0.83447059  0.84333627  0.90845964  0.81072425  0.89175196
  0.93913791  1.12368841  0.75342905  0.68532683  0.83952673  0.8535183
  0.77219373  0.43774828  0.6861129   0.49521271  0.68103443  0.80823328
  0.70308767  0.85162668  0.05852865  0.34021702  0.51118014  0.60309203
  0.75429714  0.85202754  1.10644211 -0.00588016  0.32896759  0.59387802
  0.7502119   0.78288629  0.58671428  0.57417014  0.848021    0.53017504
  0.74271146  0.58482123  0.73194866  0.84548599  0.58696563  0.40007905
  0.63940117  0.60491363  0.46246321  0.7574011   0.81249279  0.63685981
  0.86141355  0.59530231  1.08507769  0.88128316  0.94273305  0.27598685
  0.77799053  1.11050353  0.57661565  1.16480874  1.17121464  0.37299417
  0.93588539  0.78415716  1.05422048  0.80477482  0.94738228  1.47122728
  0.06807009  0.51611156  0.60037822  0.78365601  0.85924275  0.60185257
  0.69422403  1.01356735  1.04342161  0.49556835  0.69619078  0.90857312
  0.75968005  1.20903529  0.34550151  0.89081077  0.59178649  1.06643934
  0.27319617  0.80904806  1.1064158   0.11113343  0.57336982  0.66983048
  1.06538447  1.08238664  0.78084057  0.82660487  1.25101677  0.3882391
  0.81203059 -0.10085989  0.46772685  0.64270948  0.40871205  0.80753141
  0.84407531  0.8281717   1.14118839 -0.12387831  0.28905227  0.58402601
  0.69133936  0.74795167  0.99795134  1.11707722  0.94388579 -0.13177956
  0.30825133  0.69691775  0.78327443  1.00463307  0.54314949  0.69140245
  0.68822474  0.52622148  0.86748231  1.27934565  0.6048064   0.96733684
  1.13684111  0.2079019   0.63385221  0.85339348  0.94620412  0.55309101
  0.64272098  0.58942976  1.02933566  0.77334601  1.09255837  0.41329541
  0.90036002  0.94166057  1.09698683  0.03505109  0.56640697  1.00717938
  0.75318514  0.85688128  0.55776282  0.54200389  1.13441822  0.31178175
  0.88682394  0.84768092  0.94881455  0.48400317  1.09608473  1.26024
 -0.23564987 -0.00987813  0.26105477  0.47718502  0.73790223  0.80465595
  0.83127516  0.97078789  1.22680555  0.63603957  0.88096289  0.99126222
  1.01810993  0.55502473  0.86668952  0.60322797  0.97488763  0.75520506
  0.86643898  0.91547523  0.61362835  0.89539807  0.45088407  0.86530543
  0.89806605  1.11923977  0.06082625  0.483458    0.88477219  0.70623933
  0.87391737  0.36802113  0.80223458  0.36998397  0.70228056  1.16686642
  1.25139994  0.94514426  0.63673865  0.77495158  0.93166134  0.6670664
  0.21822742  0.73523682  0.69009198  0.79500298  0.31457934  0.85512079
  1.25671232 -0.14335539  0.2153218   0.47996588  0.84423205  0.67364879
  0.71081081  1.05858675  0.59621656  0.88806913  0.76507647  0.64434579
  0.31859123  0.65887696  1.21161912  0.23769178  0.66411262  1.05272413
  0.9484042   0.71452823  0.50991926  0.87637374  0.68825102  1.16119985
  0.06276575  0.52220614  0.90145219  0.64748223  0.82421989  0.92081815
  0.35331401  0.80534871  1.24365216  0.15620268  0.57186932  0.54926252
  0.93025176  0.70325956  1.02845599  1.28165224  0.93367265  0.45773287
  0.63926752  1.02843043  1.19880081  0.62912052  0.85144417  1.10522489
  0.74428198  1.03562941  0.78572669  1.22856475  0.68572687  0.69566367
  0.70110448  0.78898889  0.52751598  0.24761019  0.99437988  0.93402804
 -0.30474576  0.29889265  0.76424181  1.0080278  -0.10061849  0.37667783
  0.75924304  0.85949708  0.81729383  0.90653033  0.98363188] 
 RGE log scale 1 
[ 3.97213595  3.7799007   3.64258114  3.53295054  3.44037961  3.3594702
  3.28706813  3.22115787  3.16036798  3.10372074  3.05049336  3.00013586
  2.95221974  2.90640446  2.8624149   2.82002551  2.77904919  2.73932895
  2.7007319   2.66314458  2.62646939  2.59062183  2.55552835  2.52112455
  2.4873538   2.45416612  2.42151722  2.38936774  2.35768259  2.32643044
  2.29558326  2.26511593  2.23500593  2.20523303  2.17577908  2.14662783
  2.11776468  2.08917658  2.06085191  2.0327803   2.00495259  1.97736073
  1.94999766  1.9228573   1.89593445  1.86922476  1.84272467  1.81643137
  1.79034279  1.76445754  1.73877488  1.71329474  1.68801765  1.66294475
  1.63807777  1.61341902  1.58897137  1.56473824  1.54072363  1.51693204
  1.49336853  1.4700387   1.44694866  1.42410505  1.40151503  1.37918627
  1.35712694  1.33534575  1.31385185  1.29265492  1.2717651   1.25119299
  1.23094964  1.21104654  1.19149557  1.172309    1.15349944  1.13507984
  1.1170634   1.09946353  1.08229385  1.06556805  1.04929986  1.03350297
  1.01819092  1.003377    0.98907418  0.97529491  0.96205105  0.9493537
  0.93721302  0.9256381   0.91463675  0.90421534  0.89437857  0.88512931
  0.87646841  0.86839445  0.86090365  0.85398963  0.84764333  0.84185287
  0.83660348  0.83187754  0.82765455  0.82391128  0.82062194  0.81775841
  0.8152906   0.81318684  0.81141432  0.80993965  0.80872936  0.80775055
  0.80697137  0.80636162  0.80589317  0.80554036  0.8052803   0.80509301
  0.80496148  0.8048716   0.80481198  0.80477368  0.80474993  0.80473576
  0.80472766  0.80472324  0.80472094  0.80471982  0.80471931  0.80471909
  0.804719    0.80471897  0.80471896  0.80471896  0.80471896  0.80471896
  0.80471896  0.80471896  0.80471896  0.80471896  0.80471896  0.80471896
  0.80471896  0.80471896  0.80471896  0.80471896  0.80471896  0.80471896
  0.80471896  0.80471896  0.80471896  0.80471896  0.80471896  0.80471896
  0.80471896  0.80471896  0.80471896  0.80471896  0.80471896  0.80471896
  0.80471896  0.80471896  0.80471896  0.80471896  0.80471896  0.80471896
  0.80471896  0.80471896  0.80471896  0.80471896  0.80471895  0.80471897
  0.80471887  0.80471942  0.80471628  0.80473524  0.80461371  0.80544153
  0.79944585  0.84527229  0.46751617  1.77263068  0.19859042  0.39364633
  0.55682627  0.676442    0.74935244  0.78494449  0.7988228   0.80324542
  0.80441564  0.80466985  0.80471324  0.80471856  0.80471895  0.80471896
  0.80471896  0.80471896  0.80471896  0.80471896  0.80471896  0.80471896
  0.80471896  0.80471896  0.80471896  0.80471896  0.80471896  0.80471896
  0.80471896  0.80471896  0.80471896  0.80471896  0.80471896  0.80471896
  0.80471896  0.80471896  0.80471896  0.80471896  0.80471896  0.80471896
  0.80471896  0.80471896  0.80471896  0.80471896  0.80471896  0.80471896
  0.80471894  0.80471903  0.8047186   0.8047208   0.80470871  0.80477934
  0.80434043  0.80723954  0.78683294  0.93573073 -0.08563233  1.31193844
 -0.09791352  0.54705903  0.86789199  0.75507765  0.83841608  0.77367103
  0.83256796  0.77354639  0.83913973  0.75772325  0.86550187  0.70267177
  0.94491139  0.51420914  1.08994475  0.20999088  0.95108997  0.57983233
  0.98286845  0.50438793  1.00867413  0.45350449  1.00322851  0.47563611
  0.9952868   0.49530526  0.99284069  0.49955969  0.99352033  0.49705137
  0.99460867  0.49444717  0.99496837  0.49385053  0.9948318   0.49431338
  0.99466023  0.49471698  0.99461219  0.49478958  0.99463693  0.49471089
  0.99466334  0.49464994  0.99466966  0.49464159  0.99466527  0.49465487
  0.99466123  0.49466401  0.99466043  0.49466485  0.99466119  0.49466264
  0.9946618   0.49466128  0.9946619   0.49466123  0.99466177  0.49466159
  0.99466168  0.49466179  0.99466167  0.49466179  0.99466169  0.49466173
  0.9946617   0.4946617   0.9946617   0.4946617   0.9946617   0.49466171
  0.9946617   0.49466171  0.9946617   0.49466171  0.9946617   0.49466171
  0.9946617   0.49466171  0.9946617   0.49466171  0.9946617   0.49466171
  0.9946617   0.49466171  0.9946617   0.49466171  0.9946617   0.49466171
  0.9946617   0.49466171  0.9946617   0.49466171  0.9946617   0.49466171
  0.9946617   0.49466171  0.9946617   0.49466171  0.9946617   0.49466171
  0.9946617   0.49466171  0.9946617   0.49466171  0.9946617   0.49466171
  0.9946617   0.49466171  0.9946617   0.49466171  0.9946617   0.49466171
  0.9946617   0.49466171  0.9946617   0.49466171  0.9946617   0.49466171
  0.9946617   0.49466171  0.9946617   0.49466171  0.9946617   0.49466171
  0.9946617   0.49466171  0.9946617   0.49466171  0.9946617   0.49466171
  0.9946617   0.49466171  0.9946617   0.49466171  0.9946617   0.49466171
  0.9946617   0.49466171  0.9946617   0.49466171  0.9946617   0.49466171
  0.9946617   0.49466171  0.9946617   0.49466171  0.9946617   0.49466171
  0.9946617   0.49466171  0.9946617   0.49466171  0.9946617   0.49466171
  0.9946617   0.49466171  0.9946617   0.49466171  0.9946617 ] 
KL mean grad 0 
[ 2.00000000e-01  1.00000012e-01  4.80124887e-02  2.17924090e-02
  9.25746756e-03  3.64544248e-03  1.31603960e-03  4.29617973e-04
  1.24595133e-04  3.13492401e-05  6.61865556e-06  1.11494135e-06
  1.37666223e-07  1.04709571e-08  2.73106315e-10 -7.26408933e-12
  5.96631772e-13 -8.39689429e-14  1.70058412e-14 -4.61852778e-15
  1.30659372e-15 -5.27355937e-16  4.32986980e-16 -2.77555756e-16
  1.39471767e-16  2.63677968e-17  1.22124533e-16 -3.35842465e-16
  2.77555756e-16 -2.99760217e-16  4.16333634e-16 -6.55031585e-16
  1.14075416e-15 -1.96067121e-15  3.51108032e-15 -6.80427936e-15
  1.42809375e-14 -3.24296145e-14  7.95162547e-14 -2.09725987e-13
  5.94016503e-13 -1.80507727e-12  5.87936089e-12 -2.05041033e-11
  7.64845326e-11 -3.04872594e-10  1.29746759e-09 -5.89057970e-09
  2.85087872e-08 -1.46979881e-07  8.06707551e-07 -4.71078835e-06
  2.92515124e-05 -1.93043245e-04  1.35330627e-03 -1.00660861e-02
  7.60809026e-02 -2.11126870e-01  8.48292983e-02 -3.16960063e-02
  1.37223485e-02 -6.96015565e-03  4.09098125e-03 -2.75431748e-03
  2.10311029e-03 -1.80619767e-03  1.73259060e-03 -1.84537456e-03
  2.17131520e-03 -2.80985495e-03  3.98328865e-03 -6.16244926e-03
  1.03602191e-02 -1.87952883e-02  3.61122361e-02 -6.87932503e-02
  1.06523131e-01 -1.05655717e-01  7.59501257e-02 -5.02289506e-02
  3.45150199e-02 -2.57423666e-02  2.11076768e-02 -1.90574336e-02
  1.88916814e-02 -2.04541354e-02  2.40041526e-02 -3.01792249e-02
  3.98450920e-02 -5.32856470e-02  6.79633678e-02 -7.69307314e-02
  7.47632806e-02 -6.47021871e-02  5.33293865e-02 -4.42171797e-02
  3.80979169e-02 -3.46564287e-02  3.34677435e-02 -3.42688653e-02
  3.69620208e-02 -4.14908569e-02  4.75798340e-02 -5.43419333e-02
  6.00519287e-02 -6.27433340e-02  6.16015139e-02 -5.75927783e-02
  5.25213684e-02 -4.78544845e-02  4.43595311e-02 -4.22946931e-02
  4.16691289e-02 -4.23903543e-02  4.42967416e-02 -4.71126111e-02
  5.03750672e-02 -5.34151492e-02  5.54946767e-02 -5.61019847e-02
  5.52079288e-02 -5.32498863e-02  5.08712319e-02 -4.86514270e-02
  4.69793694e-02 -4.60522723e-02  4.59208464e-02 -4.65272923e-02
  4.77213062e-02 -4.92643052e-02  5.08450042e-02 -5.21292841e-02
  5.28461125e-02 -5.28746894e-02  5.22799745e-02 -5.12733005e-02
  5.01267686e-02 -4.90915766e-02  4.83500446e-02 -4.80009413e-02
  4.80635155e-02 -4.84877103e-02  4.91662307e-02 -4.99508852e-02
  5.06774867e-02 -5.11994932e-02  5.14226026e-02 -5.13269535e-02
  5.09667448e-02 -5.04481020e-02  4.98962352e-02 -4.94249565e-02
  4.91162811e-02 -4.90111447e-02  4.91086411e-02 -4.93709922e-02
  4.97328188e-02 -5.01142265e-02  5.04367530e-02 -5.06395824e-02
  5.06919506e-02 -5.05979287e-02  5.03922176e-02 -5.01289129e-02
  4.98673744e-02 -4.96593508e-02  4.95399565e-02 -4.95232936e-02
  4.96023550e-02 -4.97524416e-02  4.99372596e-02 -5.01167369e-02
  5.02552484e-02 -5.03286136e-02  5.03282741e-02 -5.02617117e-02
  5.01492403e-02 -5.00183276e-02  4.98971165e-02 -4.98087036e-02
  4.97672133e-02 -4.97760938e-02  4.98285891e-02 -4.99100332e-02
  5.00014130e-02 -5.00834907e-02  5.01406798e-02 -5.01638979e-02
  5.01518377e-02 -5.01104838e-02  5.00511356e-02 -4.99875358e-02
  4.99328311e-02 -4.98970164e-02  4.98853042e-02 -4.98976064e-02
  4.99290899e-02 -4.99715885e-02  5.00155318e-02 -5.00519816e-02
  5.00743673e-02 -5.00795904e-02  5.00683171e-02 -5.00444688e-02
  5.00140960e-02 -4.99839379e-02  4.99599992e-02 -4.99464303e-02
  4.99448959e-02 -4.99544989e-02  4.99722146e-02 -4.99936996e-02
  5.00142843e-02 -5.00299380e-02  5.00380155e-02 -5.00376537e-02
  5.00297698e-02 -5.00166978e-02  5.00015760e-02 -4.99876351e-02
  4.99775427e-02 -4.99729289e-02  4.99741663e-02 -4.99804234e-02
  4.99899493e-02 -5.00005143e-02  5.00099017e-02 -5.00163505e-02
  5.00188629e-02 -5.00173295e-02  5.00124621e-02 -5.00055688e-02
  4.99982320e-02 -4.99919633e-02  4.99879088e-02 -4.99866572e-02
  4.99881784e-02 -4.99918911e-02  4.99968344e-02 -5.00018969e-02
  5.00060541e-02 -5.00085648e-02  5.00090910e-02 -5.00077259e-02
  5.00049319e-02 -5.00014110e-02  4.99979402e-02 -4.99952086e-02
  4.99936884e-02 -4.99935623e-02  4.99947161e-02 -4.99967912e-02
  4.99992806e-02 -5.00016451e-02  5.00034241e-02 -5.00043204e-02
  5.00042429e-02 -5.00033044e-02  5.00017789e-02 -5.00000302e-02
  4.99984304e-02 -4.99972845e-02  4.99967762e-02 -4.99969435e-02
  4.99976853e-02 -4.99987959e-02  5.00000162e-02 -5.00010913e-02
  5.00018206e-02 -5.00020929e-02  5.00018993e-02 -5.00013252e-02
  5.00005235e-02 -4.99996772e-02  4.99989602e-02 -4.99985028e-02
  4.99983706e-02 -4.99985575e-02  4.99989941e-02 -4.99995683e-02
  5.00001514e-02 -5.00006260e-02  5.00009078e-02 -5.00009599e-02
  5.00007949e-02 -5.00004673e-02  5.00000590e-02 -4.99996598e-02
  4.99993485e-02 -4.99991787e-02  4.99991701e-02 -4.99993083e-02
  4.99995511e-02 -4.99998393e-02  5.00001109e-02 -5.00003131e-02
  5.00004125e-02 -5.00003995e-02  5.00002878e-02 -5.00001098e-02
  4.99999076e-02 -4.99997241e-02  4.99995941e-02 -4.99995383e-02
  4.99995605e-02 -4.99996483e-02  4.99997777e-02 -4.99999186e-02
  5.00000417e-02 -5.00001241e-02  5.00001535e-02 -5.00001293e-02
  5.00000616e-02 -4.99999684e-02  4.99998708e-02 -4.99997888e-02
  4.99997373e-02 -4.99997234e-02  4.99997463e-02 -4.99997976e-02
  4.99998643e-02 -4.99999314e-02  4.99999856e-02 -5.00000172e-02
  5.00000222e-02 -5.00000023e-02  4.99999639e-02 -4.99999166e-02
  4.99998707e-02 -4.99998352e-02  4.99998163e-02 -4.99998160e-02
  4.99998325e-02 -4.99998609e-02  4.99998942e-02 -4.99999254e-02
  4.99999484e-02 -4.99999594e-02  4.99999574e-02 -4.99999442e-02
  4.99999234e-02 -4.99999000e-02  4.99998790e-02 -4.99998642e-02
  4.99998581e-02 -4.99998610e-02  4.99998714e-02 -4.99998865e-02
  4.99999027e-02 -4.99999168e-02  4.99999261e-02 -4.99999293e-02
  4.99999263e-02 -4.99999183e-02  4.99999075e-02 -4.99998962e-02
  4.99998869e-02 -4.99998811e-02  4.99998796e-02 -4.99998824e-02
  4.99998884e-02 -4.99998962e-02  4.99999039e-02 -4.99999101e-02
  4.99999136e-02 -4.99999141e-02  4.99999117e-02 -4.99999072e-02
  4.99999017e-02 -4.99998964e-02  4.99998924e-02 -4.99998903e-02
  4.99998903e-02 -4.99998923e-02  4.99998956e-02 -4.99998995e-02
  4.99999031e-02 -4.99999057e-02  4.99999069e-02 -4.99999066e-02
  4.99999050e-02 -4.99999026e-02  4.99998999e-02 -4.99998975e-02
  4.99998958e-02 -4.99998952e-02  4.99998955e-02 -4.99998968e-02
  4.99998985e-02 -4.99999004e-02  4.99999020e-02 -4.99999030e-02
  4.99999034e-02 -4.99999030e-02  4.99999021e-02 -4.99999008e-02
  4.99998995e-02 -4.99998984e-02  4.99998978e-02 -4.99998976e-02
  4.99998980e-02] 
RGE mean grad0 
[ 2.00000000e-01  1.00000012e-01  4.80124887e-02  2.17924090e-02
  9.25746756e-03  3.64544248e-03  1.31603960e-03  4.29617973e-04
  1.24595133e-04  3.13492401e-05  6.61865556e-06  1.11494135e-06
  1.37666223e-07  1.04709571e-08  2.73106315e-10 -7.26408933e-12
  5.96631772e-13 -8.39689429e-14  1.70058412e-14 -4.61852778e-15
  1.30659372e-15 -5.27355937e-16  4.32986980e-16 -2.77555756e-16
  1.39471767e-16  2.63677968e-17  1.22124533e-16 -3.35842465e-16
  2.77555756e-16 -2.99760217e-16  4.16333634e-16 -6.55031585e-16
  1.14075416e-15 -1.96067121e-15  3.51108032e-15 -6.80427936e-15
  1.42809375e-14 -3.24296145e-14  7.95162547e-14 -2.09725987e-13
  5.94016503e-13 -1.80507727e-12  5.87936089e-12 -2.05041033e-11
  7.64845326e-11 -3.04872594e-10  1.29746759e-09 -5.89057970e-09
  2.85087872e-08 -1.46979881e-07  8.06707551e-07 -4.71078835e-06
  2.92515124e-05 -1.93043245e-04  1.35330627e-03 -1.00660861e-02
  7.60809026e-02 -2.11126870e-01  8.48292983e-02 -3.16960063e-02
  1.37223485e-02 -6.96015565e-03  4.09098125e-03 -2.75431748e-03
  2.10311029e-03 -1.80619767e-03  1.73259060e-03 -1.84537456e-03
  2.17131520e-03 -2.80985495e-03  3.98328865e-03 -6.16244926e-03
  1.03602191e-02 -1.87952883e-02  3.61122361e-02 -6.87932503e-02
  1.06523131e-01 -1.05655717e-01  7.59501257e-02 -5.02289506e-02
  3.45150199e-02 -2.57423666e-02  2.11076768e-02 -1.90574336e-02
  1.88916814e-02 -2.04541354e-02  2.40041526e-02 -3.01792249e-02
  3.98450920e-02 -5.32856470e-02  6.79633678e-02 -7.69307314e-02
  7.47632806e-02 -6.47021871e-02  5.33293865e-02 -4.42171797e-02
  3.80979169e-02 -3.46564287e-02  3.34677435e-02 -3.42688653e-02
  3.69620208e-02 -4.14908569e-02  4.75798340e-02 -5.43419333e-02
  6.00519287e-02 -6.27433340e-02  6.16015139e-02 -5.75927783e-02
  5.25213684e-02 -4.78544845e-02  4.43595311e-02 -4.22946931e-02
  4.16691289e-02 -4.23903543e-02  4.42967416e-02 -4.71126111e-02
  5.03750672e-02 -5.34151492e-02  5.54946767e-02 -5.61019847e-02
  5.52079288e-02 -5.32498863e-02  5.08712319e-02 -4.86514270e-02
  4.69793694e-02 -4.60522723e-02  4.59208464e-02 -4.65272923e-02
  4.77213062e-02 -4.92643052e-02  5.08450042e-02 -5.21292841e-02
  5.28461125e-02 -5.28746894e-02  5.22799745e-02 -5.12733005e-02
  5.01267686e-02 -4.90915766e-02  4.83500446e-02 -4.80009413e-02
  4.80635155e-02 -4.84877103e-02  4.91662307e-02 -4.99508852e-02
  5.06774867e-02 -5.11994932e-02  5.14226026e-02 -5.13269535e-02
  5.09667448e-02 -5.04481020e-02  4.98962352e-02 -4.94249565e-02
  4.91162811e-02 -4.90111447e-02  4.91086411e-02 -4.93709922e-02
  4.97328188e-02 -5.01142265e-02  5.04367530e-02 -5.06395824e-02
  5.06919506e-02 -5.05979287e-02  5.03922176e-02 -5.01289129e-02
  4.98673744e-02 -4.96593508e-02  4.95399565e-02 -4.95232936e-02
  4.96023550e-02 -4.97524416e-02  4.99372596e-02 -5.01167369e-02
  5.02552484e-02 -5.03286136e-02  5.03282741e-02 -5.02617117e-02
  5.01492403e-02 -5.00183276e-02  4.98971165e-02 -4.98087036e-02
  4.97672133e-02 -4.97760938e-02  4.98285891e-02 -4.99100332e-02
  5.00014130e-02 -5.00834907e-02  5.01406798e-02 -5.01638979e-02
  5.01518377e-02 -5.01104838e-02  5.00511356e-02 -4.99875358e-02
  4.99328311e-02 -4.98970164e-02  4.98853042e-02 -4.98976064e-02
  4.99290899e-02 -4.99715885e-02  5.00155318e-02 -5.00519816e-02
  5.00743673e-02 -5.00795904e-02  5.00683171e-02 -5.00444688e-02
  5.00140960e-02 -4.99839379e-02  4.99599992e-02 -4.99464303e-02
  4.99448959e-02 -4.99544989e-02  4.99722146e-02 -4.99936996e-02
  5.00142843e-02 -5.00299380e-02  5.00380155e-02 -5.00376537e-02
  5.00297698e-02 -5.00166978e-02  5.00015760e-02 -4.99876351e-02
  4.99775427e-02 -4.99729289e-02  4.99741663e-02 -4.99804234e-02
  4.99899493e-02 -5.00005143e-02  5.00099017e-02 -5.00163505e-02
  5.00188629e-02 -5.00173295e-02  5.00124621e-02 -5.00055688e-02
  4.99982320e-02 -4.99919633e-02  4.99879088e-02 -4.99866572e-02
  4.99881784e-02 -4.99918911e-02  4.99968344e-02 -5.00018969e-02
  5.00060541e-02 -5.00085648e-02  5.00090910e-02 -5.00077259e-02
  5.00049319e-02 -5.00014110e-02  4.99979402e-02 -4.99952086e-02
  4.99936884e-02 -4.99935623e-02  4.99947161e-02 -4.99967912e-02
  4.99992806e-02 -5.00016451e-02  5.00034241e-02 -5.00043204e-02
  5.00042429e-02 -5.00033044e-02  5.00017789e-02 -5.00000302e-02
  4.99984304e-02 -4.99972845e-02  4.99967762e-02 -4.99969435e-02
  4.99976853e-02 -4.99987959e-02  5.00000162e-02 -5.00010913e-02
  5.00018206e-02 -5.00020929e-02  5.00018993e-02 -5.00013252e-02
  5.00005235e-02 -4.99996772e-02  4.99989602e-02 -4.99985028e-02
  4.99983706e-02 -4.99985575e-02  4.99989941e-02 -4.99995683e-02
  5.00001514e-02 -5.00006260e-02  5.00009078e-02 -5.00009599e-02
  5.00007949e-02 -5.00004673e-02  5.00000590e-02 -4.99996598e-02
  4.99993485e-02 -4.99991787e-02  4.99991701e-02 -4.99993083e-02
  4.99995511e-02 -4.99998393e-02  5.00001109e-02 -5.00003131e-02
  5.00004125e-02 -5.00003995e-02  5.00002878e-02 -5.00001098e-02
  4.99999076e-02 -4.99997241e-02  4.99995941e-02 -4.99995383e-02
  4.99995605e-02 -4.99996483e-02  4.99997777e-02 -4.99999186e-02
  5.00000417e-02 -5.00001241e-02  5.00001535e-02 -5.00001293e-02
  5.00000616e-02 -4.99999684e-02  4.99998708e-02 -4.99997888e-02
  4.99997373e-02 -4.99997234e-02  4.99997463e-02 -4.99997976e-02
  4.99998643e-02 -4.99999314e-02  4.99999856e-02 -5.00000172e-02
  5.00000222e-02 -5.00000023e-02  4.99999639e-02 -4.99999166e-02
  4.99998707e-02 -4.99998352e-02  4.99998163e-02 -4.99998160e-02
  4.99998325e-02 -4.99998609e-02  4.99998942e-02 -4.99999254e-02
  4.99999484e-02 -4.99999594e-02  4.99999574e-02 -4.99999442e-02
  4.99999234e-02 -4.99999000e-02  4.99998790e-02 -4.99998642e-02
  4.99998581e-02 -4.99998610e-02  4.99998714e-02 -4.99998865e-02
  4.99999027e-02 -4.99999168e-02  4.99999261e-02 -4.99999293e-02
  4.99999263e-02 -4.99999183e-02  4.99999075e-02 -4.99998962e-02
  4.99998869e-02 -4.99998811e-02  4.99998796e-02 -4.99998824e-02
  4.99998884e-02 -4.99998962e-02  4.99999039e-02 -4.99999101e-02
  4.99999136e-02 -4.99999141e-02  4.99999117e-02 -4.99999072e-02
  4.99999017e-02 -4.99998964e-02  4.99998924e-02 -4.99998903e-02
  4.99998903e-02 -4.99998923e-02  4.99998956e-02 -4.99998995e-02
  4.99999031e-02 -4.99999057e-02  4.99999069e-02 -4.99999066e-02
  4.99999050e-02 -4.99999026e-02  4.99998999e-02 -4.99998975e-02
  4.99998958e-02 -4.99998952e-02  4.99998955e-02 -4.99998968e-02
  4.99998985e-02 -4.99999004e-02  4.99999020e-02 -4.99999030e-02
  4.99999034e-02 -4.99999030e-02  4.99999021e-02 -4.99999008e-02
  4.99998995e-02 -4.99998984e-02  4.99998978e-02 -4.99998976e-02
  4.99998980e-02] 
KL log scale grad 1 
[ 2.18560243e+03  5.75421919e+02  2.61918570e+02  2.54338110e+02
  3.13476805e+02  1.23204175e+02  3.34522738e+02  1.80114993e+02
  4.01002480e+01  5.61995925e+01  8.44220267e+01  1.49704031e+02
  2.27932287e+02  6.34968687e+01  2.70212319e+01  1.44269290e+02
  1.03159921e+02  8.35221921e+01  3.30145576e+01  8.24207869e+01
  1.24648984e+02  4.65282746e+01  7.04175062e+01  5.09032915e+01
  4.02899019e+01  7.46710227e+01  1.86433608e+01  3.95924374e+01
  9.24104964e+00  8.42913655e+00  3.71471286e+01  4.32946973e+01
  1.46832563e+01  6.25806774e+01  7.37069039e+00  7.75081870e+00
  2.91019933e+01  2.53201599e+01  7.99720627e+00  2.71038318e+01
  1.53514763e+01  3.31427093e+01  9.79118060e+00  1.15250048e+01
  1.16124998e+01  6.48219394e+00  6.46469505e+00  1.10923357e+01
  1.01842418e+01  9.58099991e+00  3.43805333e+00  5.73989057e+00
  8.64256004e+00  5.22603124e+00  1.22274360e+01  5.84170164e+00
  1.49444420e+01  2.29485736e+00  6.98745874e+00  3.77714889e+00
  4.07896826e+00  4.27864373e+00  3.35064382e+00  7.16689205e-01
  3.91330960e+00  3.35690372e+00  4.38234029e+00  1.23012602e+00
  5.00905037e+00  9.20260292e-01  2.56821298e+00  1.93536595e+00
  1.63459684e+00  6.21572402e+00  3.93788129e-01  7.56470154e-01
  3.38407836e+00  9.99791194e-01  1.11711751e+00  1.22841797e+00
  1.26776249e+00  9.23102632e-01 -2.94056592e-01 -5.66752623e-01
  1.83785052e+00  6.50774341e-01 -7.33263495e-02  1.00162124e+00
  1.01941528e-01  2.58460720e+00  6.19701683e-01  2.19298839e-02
 -9.62426717e-02  5.05553426e-01  6.03581793e-01 -3.66567852e-01
 -5.94696717e-02  1.39735911e+00 -6.31637573e-01  1.30848273e-01
  8.59932448e-01  1.01771585e+00  2.81763529e-02  3.41324231e-01
  8.24632168e-01  2.68202596e-01 -5.97125152e-01  1.65317717e+00
 -4.10097814e-01 -6.52445999e-01  3.88174730e-01  7.31492403e-02
 -8.95254936e-02 -5.29617231e-02 -4.90942305e-01 -3.00352241e-01
  3.13261763e-01  2.11784455e-01 -6.27371435e-01  3.06941255e-01
  3.42214166e-01 -4.84271391e-01  3.81331376e-01 -8.22618456e-02
  1.36340180e-01  1.72135662e-01 -8.35148391e-01  5.69596211e-01
 -4.78401562e-02 -3.33662724e-01  4.75965182e-01 -3.74842796e-01
 -2.08056632e-01 -7.74011009e-01  1.51532506e+00  2.64658266e-01
 -5.71221772e-01 -4.91728355e-02  2.71504575e-01  1.08378090e+00
 -7.73129573e-01  5.67909138e-01 -5.28092920e-01 -3.44055266e-01
  2.70408198e-01 -3.64011763e-01  2.13135917e+00 -7.29833507e-01
 -4.22700019e-01 -2.15952282e-01 -3.38585862e-01 -2.08010131e-01
 -5.20492158e-01  3.03764680e+00 -8.87644984e-01 -6.75763876e-01
 -3.80192537e-01 -7.54001022e-02  4.32804135e-01  2.62560942e-02
 -5.52126098e-01  6.20610839e-01 -3.97298318e-01  2.81407756e-01
 -2.49852726e-01 -1.83388854e-01  4.01545084e-01  2.77328170e-01
 -3.40841684e-01  4.66075927e-02  1.83378827e-01 -3.66629640e-01
 -6.50081960e-02  1.97836015e-01 -2.42418303e-01  2.76483560e-01
 -5.07725015e-01  2.02107827e-01 -5.78577059e-02  6.56808114e-01
 -4.94741923e-01 -3.17997766e-01  5.14604350e-01 -5.79440445e-01
 -5.98679406e-03  8.19859789e-01 -5.86935432e-01  1.50786472e-01
 -2.58411637e-01  2.29306683e-01 -1.24875699e-01 -4.61219334e-01
  2.54269185e+00 -8.03161612e-01 -1.43509093e-01 -2.98120725e-01
 -1.16773963e-01  3.82336392e-01 -1.30393254e-01 -4.36656583e-01
 -3.87335399e-02  7.18851463e-01 -2.51767764e-01 -2.55160793e-01
  1.70461170e-01 -5.09037158e-01  1.10784032e+00 -7.07066759e-01
  3.74588197e-01 -5.91360727e-01  1.08383791e+00 -7.38272653e-01
 -3.95737278e-01  1.61713637e+00 -7.45050250e-01 -1.47775549e-01
 -5.93763503e-01 -2.42135484e-02  4.15025062e-01 -5.97792922e-02
 -5.45972101e-01  1.25648832e+00 -6.07745216e-01  1.52110617e+00
 -9.63226982e-01 -2.82959356e-01  3.62969595e-01 -6.06500584e-01
 -5.27360020e-02  2.17736582e-02 -4.14768631e-01  2.65104352e+00
 -8.50435680e-01 -5.86625903e-01 -2.02934305e-01 -1.01627770e-01
 -4.31181287e-01 -1.95471729e-01  2.71235542e-01  2.18051809e+00
 -8.81033015e-01 -7.61625498e-01 -1.60779405e-01 -3.94866668e-01
  8.16517149e-01 -2.49948873e-01  5.08257300e-03  2.47119283e-01
 -5.05765576e-01 -5.99784030e-01  1.03037173e+00 -5.39733258e-01
 -2.40794553e-01  1.54707256e+00 -6.98817584e-01 -3.45040166e-01
 -1.38618748e-01  5.75067456e-01 -1.24587549e-01  7.03145423e-02
 -5.73278218e-01  3.20713445e-01 -3.87375155e-01  8.65994336e-01
 -6.19205673e-01 -4.98280223e-02 -1.78644535e-01  1.56390723e+00
 -7.88209977e-01 -6.45890417e-01  3.57739301e-01 -1.38855360e-01
  3.86971016e-01  1.93421454e-02 -7.43998525e-01  1.14767873e+00
 -8.17035412e-01  5.27776266e-02 -1.29629138e-01  5.91332446e-01
 -8.01197616e-01 -2.04955568e-01  5.46997631e+00 -7.91315835e-01
 -9.14396615e-01 -6.98562790e-01 -8.10525516e-01 -1.97052112e-01
 -7.45561701e-02 -3.72152332e-01 -6.56549145e-01  1.54947400e+00
 -6.16870763e-01 -2.64190656e-01 -6.10148738e-02  1.04420330e+00
 -6.80046291e-01  5.53099872e-01 -7.61544151e-01  4.31220458e-01
 -2.07653674e-01 -8.68860181e-02  5.16894848e-01 -4.65199296e-01
  7.25488202e-01 -6.64910257e-01 -4.98755252e-02 -3.22612541e-01
  1.97148034e+00 -7.75027496e-01 -7.21806146e-01  3.06592696e-01
 -2.74724283e-01  8.29956776e-01 -7.02822220e-01  6.90027351e-01
 -5.14739073e-01 -7.14258227e-01 -1.23469891e-01  4.32554643e-01
  4.21330684e-01 -1.79819330e-01 -1.94378676e-01  3.15808039e-01
  5.30025909e-01 -6.12887723e-01  5.07912569e-02 -1.12222831e-01
  5.11729075e-01 -5.81238883e-01 -4.23557077e-01  3.01472061e+00
 -7.52307081e-01 -5.34127535e-01 -7.16746057e-01  3.20292263e-01
 -6.62141192e-02 -6.02615217e-01  7.94809829e-01 -4.84267824e-01
  1.94196079e-01  1.81371868e-01  4.74441306e-01 -4.81454377e-01
 -7.91880796e-01  1.68028896e+00 -7.24794514e-01 -6.46462949e-01
  1.64992365e-01  3.54819228e-01  2.96985070e-01 -5.18728817e-01
  2.54436117e-01 -6.35954916e-01  1.94806689e+00 -8.07858871e-01
 -6.51651086e-01  4.19443694e-01 -2.78658253e-01 -1.44758930e-01
  8.64397512e-01 -6.81637204e-01 -6.52589521e-01  2.11591337e+00
 -7.95254958e-01  4.10360952e-02 -6.76004336e-01  3.86092325e-01
 -5.36207342e-01 -4.01242135e-01  5.36296878e-01  7.29707935e-01
 -2.65802647e-01 -5.57727889e-01 -2.32992625e-01  7.92308935e-01
 -2.96282864e-01 -3.25063483e-01  4.50495852e-01 -3.50982670e-01
  2.89241159e-01 -5.06516995e-01  6.27153687e-01 -1.08913070e-02
 -5.65745808e-03 -8.68285382e-02  2.48496167e-01  2.56413103e-01
 -7.36282028e-01  5.64918661e-02  1.77017463e+00 -8.85380936e-01
 -6.77528759e-01 -3.40802913e-01  2.06216096e+00 -8.83459717e-01
 -6.92348919e-01 -1.72471541e-01  6.89029035e-02 -1.38435723e-01
 -1.13607483e-01] 
RGE log scale grad 1 
[ 1.53177331e+03  5.62875790e+02  3.82892852e+02  2.90699559e+02
  2.33267392e+02  1.93673017e+02  1.64587951e+02  1.42265328e+02
  1.24571815e+02  1.10196405e+02  9.82859000e+01  8.82595844e+01
  7.97076858e+01  7.23323289e+01  6.59115110e+01  6.02762223e+01
  5.52954163e+01  5.08658439e+01  4.69050050e+01  4.33461500e+01
  4.01346671e+01  3.72254246e+01  3.45807853e+01  3.21691023e+01
  2.99635648e+01  2.79413014e+01  2.60826780e+01  2.43707398e+01
  2.27907669e+01  2.13299150e+01  1.99769237e+01  1.87218786e+01
  1.75560142e+01  1.64715517e+01  1.54615628e+01  1.45198563e+01
  1.36408819e+01  1.28196493e+01  1.20516590e+01  1.13328434e+01
  1.06595161e+01  1.00283284e+01  9.43623149e+00  8.88044365e+00
  8.35842208e+00  7.86783776e+00  7.40655377e+00  6.97260607e+00
  6.56418668e+00  6.17962870e+00  5.81739312e+00  5.47605705e+00
  5.15430332e+00  4.85091104e+00  4.56474735e+00  4.29475987e+00
  4.03996998e+00  3.79946677e+00  3.57240157e+00  3.35798302e+00
  3.15547258e+00  2.96418049e+00  2.78346209e+00  2.61271442e+00
  2.45137322e+00  2.29891010e+00  2.15483002e+00  2.01866891e+00
  1.88999156e+00  1.76838963e+00  1.65347986e+00  1.54490238e+00
  1.44231917e+00  1.34541269e+00  1.25388449e+00  1.16745403e+00
  1.08585758e+00  1.00884709e+00  9.36189312e-01  8.67664796e-01
  8.03067093e-01  7.42201933e-01  6.84886478e-01  6.30948605e-01
  5.80226240e-01  5.32566714e-01  4.87826152e-01  4.45868889e-01
  4.06566900e-01  3.69799251e-01  3.35451568e-01  3.03415503e-01
  2.73588220e-01  2.45871881e-01  2.20173134e-01  1.96402603e-01
  1.74474384e-01  1.54305542e-01  1.35815609e-01  1.18926101e-01
  1.03560039e-01  8.96415076e-02  7.70952334e-02  6.58462176e-02
  5.58194251e-02  4.69395480e-02  3.91308604e-02  3.23171779e-02
  2.64219363e-02  2.13683986e-02  1.70799947e-02  1.34807914e-02
  1.04960805e-02  8.05306322e-03  6.08160122e-03  4.51499293e-03
  3.29072901e-03  2.35117760e-03  1.64415072e-03  1.12331030e-03
  7.48382830e-04  4.85167237e-04  3.05337357e-04  1.86058314e-04
  1.09451129e-04  6.19512543e-05  3.36122490e-05  1.74053046e-05
  8.55906895e-06  3.97364780e-06  1.72966596e-06  7.00061916e-07
  2.60800679e-07  8.83067729e-08  2.67412255e-08  7.08936050e-09
  1.59764245e-09  2.93095597e-10  4.08245396e-11  3.78495013e-12
  1.65706338e-13 -1.68198788e-15  5.17641485e-16 -3.71924713e-16
  1.12410081e-16 -2.74780199e-16  4.85722573e-16 -2.99413272e-16
  9.71445147e-17 -2.80331314e-16  6.41153797e-16 -7.09154957e-16
  6.99440506e-16 -6.43929354e-16  5.19029264e-16 -6.56766308e-16
  8.38218384e-16 -1.18793864e-15  2.08721929e-15 -3.42226247e-15
  6.01740879e-15 -1.13631327e-14  2.31412112e-14 -5.10813614e-14
  1.22024960e-13 -3.13758915e-13  8.66468008e-13 -2.56992205e-12
  8.17330786e-12 -2.78424436e-11  1.01483721e-10 -3.95398807e-10
  1.64526437e-09 -7.30529958e-09  3.45867381e-08 -1.74478469e-07
  9.37235161e-07 -5.35749724e-06  3.25719278e-05 -2.10476017e-04
  1.44619611e-03 -1.04907966e-02  8.44865689e-02 -4.90540831e-01
  5.92974798e+00 -7.02475015e-01 -5.60512169e-01 -3.90907643e-01
 -2.26286718e-01 -1.04822300e-01 -3.87770805e-02 -1.17230621e-02
 -2.94274399e-03 -6.06447713e-04 -9.82109612e-05 -1.14267635e-05
 -7.82788821e-07 -1.41781108e-08  4.96246790e-10 -4.51516546e-11
  6.77279205e-12 -1.43714970e-12  3.98869826e-13 -1.38164480e-13
  5.81229509e-14 -2.92280089e-14  1.71376802e-14 -1.13853371e-14
  8.55981952e-15 -7.29416527e-15  6.76125822e-15 -7.13040738e-15
  8.52096171e-15 -1.10522702e-14  1.56499813e-14 -2.44693155e-14
  4.10421697e-14 -7.48456852e-14  1.47402923e-13 -3.13656046e-13
  7.21037119e-13 -1.78583814e-12  4.75854772e-12 -1.36229306e-11
  4.18472479e-11 -1.37764156e-10  4.85513925e-10 -1.82988578e-09
  7.36882607e-09 -3.16774914e-08  1.45256521e-07 -7.09957419e-07
  3.69610802e-06 -2.04828588e-05  1.20766931e-04 -7.56767278e-04
  5.05389213e-03 -3.51397837e-02  2.99557138e-01 -8.31480292e-01
  1.75781571e+00 -8.35569115e-01 -4.02690488e-01  1.34674772e-01
 -9.45132366e-02  6.97171344e-02 -6.02071946e-02  5.72783544e-02
 -6.04414363e-02  7.12664503e-02 -8.97094139e-02  1.29263705e-01
 -1.84614580e-01  3.23639148e-01 -4.40672238e-01  7.69065764e-01
 -6.95613240e-01  3.40097036e-01 -3.62227248e-01  4.28034442e-01
 -4.51551589e-01  5.03672353e-01 -5.04619400e-01  4.87384341e-01
 -4.82199735e-01  4.63946228e-01 -4.61424398e-01  4.56801776e-01
 -4.56822173e-01  4.58783326e-01 -4.59540282e-01  4.61962089e-01
 -4.62347898e-01  4.63014197e-01 -4.62989087e-01  4.62614656e-01
 -4.62491736e-01  4.62112845e-01 -4.62057684e-01  4.61972378e-01
 -4.61979575e-01  4.62044712e-01 -4.62064242e-01  4.62121947e-01
 -4.62129809e-01  4.62140412e-01 -4.62138794e-01  4.62127593e-01
 -4.62124512e-01  4.62115773e-01 -4.62114672e-01  4.62113447e-01
 -4.62113773e-01  4.62115662e-01 -4.62116144e-01  4.62117456e-01
 -4.62117608e-01  4.62117732e-01 -4.62117670e-01  4.62117356e-01
 -4.62117281e-01  4.62117086e-01 -4.62117066e-01  4.62117057e-01
 -4.62117068e-01  4.62117119e-01 -4.62117131e-01  4.62117160e-01
 -4.62117162e-01  4.62117162e-01 -4.62117160e-01  4.62117152e-01
 -4.62117150e-01  4.62117146e-01 -4.62117146e-01  4.62117146e-01
 -4.62117146e-01  4.62117148e-01 -4.62117148e-01  4.62117148e-01
 -4.62117148e-01  4.62117148e-01 -4.62117148e-01  4.62117148e-01
 -4.62117148e-01  4.62117148e-01 -4.62117148e-01  4.62117148e-01
 -4.62117148e-01  4.62117148e-01 -4.62117148e-01  4.62117148e-01
 -4.62117148e-01  4.62117148e-01 -4.62117148e-01  4.62117148e-01
 -4.62117148e-01  4.62117148e-01 -4.62117148e-01  4.62117148e-01
 -4.62117148e-01  4.62117148e-01 -4.62117148e-01  4.62117148e-01
 -4.62117148e-01  4.62117148e-01 -4.62117148e-01  4.62117148e-01
 -4.62117148e-01  4.62117148e-01 -4.62117148e-01  4.62117148e-01
 -4.62117148e-01  4.62117148e-01 -4.62117148e-01  4.62117148e-01
 -4.62117148e-01  4.62117148e-01 -4.62117148e-01  4.62117148e-01
 -4.62117148e-01  4.62117148e-01 -4.62117148e-01  4.62117148e-01
 -4.62117148e-01  4.62117148e-01 -4.62117148e-01  4.62117148e-01
 -4.62117148e-01  4.62117148e-01 -4.62117148e-01  4.62117148e-01
 -4.62117148e-01  4.62117148e-01 -4.62117148e-01  4.62117148e-01
 -4.62117148e-01  4.62117148e-01 -4.62117148e-01  4.62117148e-01
 -4.62117148e-01  4.62117148e-01 -4.62117148e-01  4.62117148e-01
 -4.62117148e-01  4.62117148e-01 -4.62117148e-01  4.62117148e-01
 -4.62117148e-01  4.62117148e-01 -4.62117148e-01  4.62117148e-01
 -4.62117148e-01  4.62117148e-01 -4.62117148e-01  4.62117148e-01
 -4.62117148e-01  4.62117148e-01 -4.62117148e-01  4.62117148e-01
 -4.62117148e-01]paramter histories
[0.98905527 0.73000744]
[1.00000097 0.75281645]
average time cost[0.897 2.247]average mean error[0. 0.]average scale error[0.005 0.003]average iteration time [array([400, 400])]average variance reduction75.461