mean[ 1  2  3  4  5  6  7  8  9 10 11 12 13 14 15 16 17 18 19 20 21 22 23 24
 25 26 27 28 29 30 31 32 33 34 35 36 37 38 39 40 41 42 43 44 45 46 47 48
 49 50]  cov[[204.93146685  11.50603657 -16.84181732 ...   0.           0.
    0.        ]
 [ 11.50603657 378.43916218  54.96821094 ...   0.           0.
    0.        ]
 [-16.84181732  54.96821094 353.83874283 ...   0.           0.
    0.        ]
 ...
 [  0.           0.           0.         ... 534.84107963  19.4160739
   23.48903011]
 [  0.           0.           0.         ...  19.4160739  515.51605759
   -5.95332515]
 [  0.           0.           0.         ...  23.48903011  -5.95332515
  503.67996085]]   stdev[14.26851997 19.2073662  18.5520708  16.7057744  14.13385746 18.51453992
 14.44294716 16.42765856 15.35098887 14.34138107 17.69333886 18.85455797
 15.70671185 27.54759727 27.64847682 27.01634394 26.84670901 28.12984763
 27.05977892 26.53859222 27.61300211 15.26892181 10.9823765   3.99820349
 16.40891796 17.59454994 16.16971486 13.67125784 10.1631473  15.34838911
 14.61621166 12.97227301 13.28523456 23.43119239 24.24001726 21.8372209
 19.56263303 21.92160275 15.7452807  18.51813164 18.0074559  16.61156222
 12.03167862 16.24753301 15.78674023 22.19133707 21.55958169 23.05930798
 22.57265909 22.39297097]lr0.5   iteration  30000