mean[  1   2   3   4   5   6   7   8   9  10  11  12  13  14  15  16  17  18
  19  20  21  22  23  24  25  26  27  28  29  30  31  32  33  34  35  36
  37  38  39  40  41  42  43  44  45  46  47  48  49  50  51  52  53  54
  55  56  57  58  59  60  61  62  63  64  65  66  67  68  69  70  71  72
  73  74  75  76  77  78  79  80  81  82  83  84  85  86  87  88  89  90
  91  92  93  94  95  96  97  98  99 100 101 102 103 104 105 106 107 108
 109 110 111 112 113 114 115 116 117 118 119 120 121 122 123 124 125 126
 127 128 129 130 131 132 133 134 135 136 137 138 139 140 141 142 143 144
 145 146 147 148 149 150 151 152 153 154 155 156 157 158 159 160 161 162
 163 164 165 166 167 168 169 170 171 172 173 174 175 176 177 178 179 180
 181 182 183 184 185 186 187 188 189 190 191 192 193 194 195 196 197 198
 199 200 201 202 203 204 205 206 207 208 209 210 211 212 213 214 215 216
 217 218 219 220 221 222 223 224 225 226 227 228 229 230 231 232 233 234
 235 236 237 238 239 240 241 242 243 244 245 246 247 248 249 250 251 252
 253 254 255 256 257 258 259 260 261 262 263 264 265 266 267 268 269 270
 271 272 273 274 275 276 277 278 279 280 281 282 283 284 285 286 287 288
 289 290 291 292 293 294 295 296 297 298 299 300 301 302 303 304 305 306
 307 308 309 310 311 312 313 314 315 316 317 318 319 320 321 322 323 324
 325 326 327 328 329 330 331 332 333 334 335 336 337 338 339 340 341 342
 343 344 345 346 347 348 349 350 351 352 353 354 355 356 357 358 359 360
 361 362 363 364 365 366 367 368 369 370 371 372 373 374 375 376 377 378
 379 380 381 382 383 384 385 386 387 388 389 390 391 392 393 394 395 396
 397 398 399 400 401 402 403 404 405 406 407 408 409 410 411 412 413 414
 415 416 417 418 419 420 421 422 423 424 425 426 427 428 429 430 431 432
 433 434 435 436 437 438 439 440 441 442 443 444 445 446 447 448 449 450
 451 452 453 454 455 456 457 458 459 460 461 462 463 464 465 466 467 468
 469 470 471 472 473 474 475 476 477 478 479 480 481 482 483 484 485 486
 487 488 489 490 491 492 493 494 495 496 497 498 499 500]  cov[[137.13417801   0.           0.         ...   0.           0.
    0.        ]
 [  0.         229.7270995  -28.64847406 ...   0.           0.
    0.        ]
 [  0.         -28.64847406 187.30913651 ...   0.           0.
    0.        ]
 ...
 [  0.           0.           0.         ... 306.81574569 -59.70783429
  -12.53294224]
 [  0.           0.           0.         ... -59.70783429 245.87533338
   -4.0929158 ]
 [  0.           0.           0.         ... -12.53294224  -4.0929158
  279.51161776]]   stdev[11.71043031 15.01150844 13.55494316 17.70984361 20.003081   18.87141494
 20.62757573  9.82704702 19.02660437 21.34812196 19.02923471 20.16252039
  9.41382908 12.83115647 16.91161374 19.71019386 20.58288122 19.91100761
 21.71222175 11.58371872 25.14139111 23.53327572 24.51666077 24.40901892
 25.62501418 26.18474739 12.76444064 13.36585532 14.81364847 16.37684976
 14.26366318 22.10283291 25.45137895 22.77275167 25.92083094 23.36618746
 23.3460563  13.82987146 15.21057037 15.29501611 10.52218192 10.21790817
 11.56073574 15.94068282 20.31176092 19.13925244 19.85557243 19.44549433
 10.71985042 23.10526567 21.39010386 19.93294402 19.93570265 22.59088074
 12.66556029 16.04964014 14.97732432 19.44760645 15.36504174 13.86921771
 26.93179405 27.22060407 27.0710395  29.51792965 26.21910644 26.14642568
 27.48649043 27.30866953 14.35929727 11.19112929 14.25342435 16.16300475
 21.65065246 22.93054895 19.64672007 20.80013611 19.91711988 15.25260643
 19.07126945 17.05538541  9.92074879 13.32825117 26.55939925 24.54837221
 25.50705544 25.71505899 26.90679378 27.52072715 26.18826594 14.33308762
 14.08530538 13.10736491 17.06789727 14.91015828 11.33821408 16.46005073
  8.11038347 19.5932244  23.48614751 21.65310716 22.95031261 21.0082844
 15.37991415 16.7159846   6.61766707 22.9780677  20.77138193 21.7249041
 21.68513897 19.55583291  2.22841862 26.16609103 22.99464726 22.16315462
 25.19064831 25.28330022 24.94354537  8.98509762 21.27103026 20.11059854
 16.70587957 20.38659764 12.76778508 11.82788855 16.87839329 16.99511928
 19.65415868 17.69919346 17.97420402 11.99927332 15.15592306 14.91692792
 19.8486839  15.53573664 18.42468991 19.97230162 21.85985163 19.29619906
 13.41552399 17.90683712 21.68853913 17.87283803 20.32887237  9.97936491
 12.05779834 13.85642973 13.94814076 15.46167406 16.18737044 19.89603162
 22.09865258 22.00565301 18.45387318 13.50954153 17.00408023 16.75959468
 19.76975907 10.3175854  22.06693273 23.74942696 24.43780802 23.83356774
 21.81333543 15.12650539 16.89070287  9.17183891 12.03404549 14.99176023
 18.29913655 16.36189092 11.61757417 11.61364146 18.73359815 21.17070224
 17.61808722 20.87656566 11.51525901 15.80890263 18.8147439  19.51764416
 20.05559463 21.62508764 11.74809698 15.78083966 20.25385035 21.89139009
 19.43498199 18.36981163 22.84896017 22.33073931 23.40967771 21.58214622
 21.45735616 11.20363226 26.07197279 22.64612261 23.19197587 22.42701139
 24.04878799 24.62832022 17.1548468  18.94865481 16.10979629  6.22117488
 14.12966864 16.03252553 16.99799521 18.95537449 21.62558864 20.94437023
 17.13684106 14.36606737  8.91073442 13.04545412 11.99643819 13.57727947
 14.44626776  5.73735667 22.0810884  20.22343266 21.78495368 20.04502947
 21.10657935 12.90901762 15.53450152 12.87769762 12.74741041  9.0462964
 21.44460483 20.09276665 22.98627599 24.00721602 21.37749855 17.91021089
 19.08408158 17.8316356  15.22426206 12.73134771 16.09698093 15.86037387
 19.60145833 11.76106913 10.39076502 15.00376145 22.21431329 21.47013271
 23.1334119  22.50775358 22.66334011 17.42661446 17.17864016 19.71926905
 21.29931399 12.09122142 32.77480318 32.06280724 31.77491965 30.41468674
 31.73712854 30.90966577 30.53355525 30.02192078 30.53354657 31.53782451
 10.8583486  21.52231802 21.77840059 21.52345282 24.01416691 24.02330513
  7.85302908 16.6099927  19.66205468 18.12529316 21.67222477 17.83859819
 20.09678115 19.48910779 11.7271276  11.97876253 15.03538015 16.7569234
 19.63825731 14.58521179 14.20197237 22.34118736 24.83223172 25.14954081
 25.59882048 25.36450777 23.42807163 16.06653489 16.1923356  18.38107015
  8.52916623 16.51892015 14.90609776 25.82199217 26.21813519 25.57718256
 25.35406701 25.9228172  24.08960544 26.86936461 12.51107621 23.34155691
 23.55529312 23.3269458  25.53324592 24.67116705 25.38415593 21.27125007
 20.69161555 18.94742044 20.110714   17.25350674 18.89816885 17.25104622
 17.7221235  13.10199016  4.86576431 23.37287935 22.90319154 23.7878542
 19.77997276 21.89682339  5.65424613 16.47358543 15.56665723 18.40574777
 17.0610693  18.01595457 19.60011334 21.54490555 20.15532446 18.38154935
 13.71567168 15.32644998  7.43336024 10.78069508 11.88097248 13.49132752
 12.49841606 16.51442546 16.06449121 14.44383627  2.79485634 13.82883594
 14.92099655 17.05147234 12.99230336 10.78152724 10.80050415 18.79655623
 16.06904328 19.08505497 22.72570597 24.26700571 25.32751521 24.44603624
 24.70066754 25.99054831 17.06988574 16.08819021 15.239481   10.00336817
 18.84919541 20.17224157 16.76470461 18.60395559 10.31731646 14.44930179
 10.51325311  4.25863298 18.25750001 18.37197279 17.51332674 18.6437127
 18.15040965 19.14786101 19.75130483 18.47120073 20.93393776 20.64213565
 18.65936085 18.72070026 21.7931698  20.25765972 21.43223434 21.36888824
 20.06320289 18.71227986 27.0086773  27.66829127 29.31048086 28.96530466
 28.07261677 28.08888529 26.4930848  28.71559584 13.49940546 25.90286968
 25.4701378  24.8746787  25.88422916 25.93368199 23.64101159 29.19898248
 28.98454415 29.03019352 28.31269986 29.57401434 29.23022327 29.20166842
 29.7448341  28.71823667 31.38103956 29.06396561 28.84420433 29.58946334
 28.31254754 31.40227497 30.97074989 28.3073314  18.72718571 18.29474729
 17.88245553 10.75885902 14.94409454 19.33952419 15.69371208 16.49737113
 14.69012447 16.33722602 28.82307447 28.07937411 29.11683504 29.36471356
 27.49799622 27.04900194 27.60269287 27.78814024 21.31641075 23.07773941
 22.24328563 24.14381314 22.44940889  6.11290859 12.48331129  9.27159722
 24.92786473 26.32076159 24.16815359 23.57273788 24.01344688 23.66553344
 16.07290019 14.71215207 11.3957196  11.54775777 11.6206613  16.12290695
 13.36597837 13.99928831 10.7118016  13.68108766  7.2145133   7.08498324
 29.66637135 29.93149554 29.98197054 30.85641708 29.04132804 29.16935002
 28.60086784 30.11442842 29.01480089 29.39061292 29.26817018 28.99294459
 29.9261726  30.87776554 30.12040506 29.90999999 30.03050944 28.73127527
 15.30856533 15.8593614  11.06896082 16.77789115 10.5775432  25.89735723
 24.36934385 23.32883852 22.91327827 26.01165316 24.14434431 17.07810404
 15.30042403 16.69783023]lr0.5   iteration  30000