mean[  1   2   3   4   5   6   7   8   9  10  11  12  13  14  15  16  17  18
  19  20  21  22  23  24  25  26  27  28  29  30  31  32  33  34  35  36
  37  38  39  40  41  42  43  44  45  46  47  48  49  50  51  52  53  54
  55  56  57  58  59  60  61  62  63  64  65  66  67  68  69  70  71  72
  73  74  75  76  77  78  79  80  81  82  83  84  85  86  87  88  89  90
  91  92  93  94  95  96  97  98  99 100 101 102 103 104 105 106 107 108
 109 110 111 112 113 114 115 116 117 118 119 120 121 122 123 124 125 126
 127 128 129 130 131 132 133 134 135 136 137 138 139 140 141 142 143 144
 145 146 147 148 149 150 151 152 153 154 155 156 157 158 159 160 161 162
 163 164 165 166 167 168 169 170 171 172 173 174 175 176 177 178 179 180
 181 182 183 184 185 186 187 188 189 190 191 192 193 194 195 196 197 198
 199 200 201 202 203 204 205 206 207 208 209 210 211 212 213 214 215 216
 217 218 219 220 221 222 223 224 225 226 227 228 229 230 231 232 233 234
 235 236 237 238 239 240 241 242 243 244 245 246 247 248 249 250 251 252
 253 254 255 256 257 258 259 260 261 262 263 264 265 266 267 268 269 270
 271 272 273 274 275 276 277 278 279 280 281 282 283 284 285 286 287 288
 289 290 291 292 293 294 295 296 297 298 299 300 301 302 303 304 305 306
 307 308 309 310 311 312 313 314 315 316 317 318 319 320 321 322 323 324
 325 326 327 328 329 330 331 332 333 334 335 336 337 338 339 340 341 342
 343 344 345 346 347 348 349 350 351 352 353 354 355 356 357 358 359 360
 361 362 363 364 365 366 367 368 369 370 371 372 373 374 375 376 377 378
 379 380 381 382 383 384 385 386 387 388 389 390 391 392 393 394 395 396
 397 398 399 400 401 402 403 404 405 406 407 408 409 410 411 412 413 414
 415 416 417 418 419 420 421 422 423 424 425 426 427 428 429 430 431 432
 433 434 435 436 437 438 439 440 441 442 443 444 445 446 447 448 449 450
 451 452 453 454 455 456 457 458 459 460 461 462 463 464 465 466 467 468
 469 470 471 472 473 474 475 476 477 478 479 480 481 482 483 484 485 486
 487 488 489 490 491 492 493 494 495 496 497 498 499 500]  cov[[5. 0. 0. ... 0. 0. 0.]
 [0. 5. 0. ... 0. 0. 0.]
 [0. 0. 5. ... 0. 0. 0.]
 ...
 [0. 0. 0. ... 5. 0. 0.]
 [0. 0. 0. ... 0. 5. 0.]
 [0. 0. 0. ... 0. 0. 5.]]   stdev[2.23606798 2.23606798 2.23606798 2.23606798 2.23606798 2.23606798
 2.23606798 2.23606798 2.23606798 2.23606798 2.23606798 2.23606798
 2.23606798 2.23606798 2.23606798 2.23606798 2.23606798 2.23606798
 2.23606798 2.23606798 2.23606798 2.23606798 2.23606798 2.23606798
 2.23606798 2.23606798 2.23606798 2.23606798 2.23606798 2.23606798
 2.23606798 2.23606798 2.23606798 2.23606798 2.23606798 2.23606798
 2.23606798 2.23606798 2.23606798 2.23606798 2.23606798 2.23606798
 2.23606798 2.23606798 2.23606798 2.23606798 2.23606798 2.23606798
 2.23606798 2.23606798 2.23606798 2.23606798 2.23606798 2.23606798
 2.23606798 2.23606798 2.23606798 2.23606798 2.23606798 2.23606798
 2.23606798 2.23606798 2.23606798 2.23606798 2.23606798 2.23606798
 2.23606798 2.23606798 2.23606798 2.23606798 2.23606798 2.23606798
 2.23606798 2.23606798 2.23606798 2.23606798 2.23606798 2.23606798
 2.23606798 2.23606798 2.23606798 2.23606798 2.23606798 2.23606798
 2.23606798 2.23606798 2.23606798 2.23606798 2.23606798 2.23606798
 2.23606798 2.23606798 2.23606798 2.23606798 2.23606798 2.23606798
 2.23606798 2.23606798 2.23606798 2.23606798 2.23606798 2.23606798
 2.23606798 2.23606798 2.23606798 2.23606798 2.23606798 2.23606798
 2.23606798 2.23606798 2.23606798 2.23606798 2.23606798 2.23606798
 2.23606798 2.23606798 2.23606798 2.23606798 2.23606798 2.23606798
 2.23606798 2.23606798 2.23606798 2.23606798 2.23606798 2.23606798
 2.23606798 2.23606798 2.23606798 2.23606798 2.23606798 2.23606798
 2.23606798 2.23606798 2.23606798 2.23606798 2.23606798 2.23606798
 2.23606798 2.23606798 2.23606798 2.23606798 2.23606798 2.23606798
 2.23606798 2.23606798 2.23606798 2.23606798 2.23606798 2.23606798
 2.23606798 2.23606798 2.23606798 2.23606798 2.23606798 2.23606798
 2.23606798 2.23606798 2.23606798 2.23606798 2.23606798 2.23606798
 2.23606798 2.23606798 2.23606798 2.23606798 2.23606798 2.23606798
 2.23606798 2.23606798 2.23606798 2.23606798 2.23606798 2.23606798
 2.23606798 2.23606798 2.23606798 2.23606798 2.23606798 2.23606798
 2.23606798 2.23606798 2.23606798 2.23606798 2.23606798 2.23606798
 2.23606798 2.23606798 2.23606798 2.23606798 2.23606798 2.23606798
 2.23606798 2.23606798 2.23606798 2.23606798 2.23606798 2.23606798
 2.23606798 2.23606798 2.23606798 2.23606798 2.23606798 2.23606798
 2.23606798 2.23606798 2.23606798 2.23606798 2.23606798 2.23606798
 2.23606798 2.23606798 2.23606798 2.23606798 2.23606798 2.23606798
 2.23606798 2.23606798 2.23606798 2.23606798 2.23606798 2.23606798
 2.23606798 2.23606798 2.23606798 2.23606798 2.23606798 2.23606798
 2.23606798 2.23606798 2.23606798 2.23606798 2.23606798 2.23606798
 2.23606798 2.23606798 2.23606798 2.23606798 2.23606798 2.23606798
 2.23606798 2.23606798 2.23606798 2.23606798 2.23606798 2.23606798
 2.23606798 2.23606798 2.23606798 2.23606798 2.23606798 2.23606798
 2.23606798 2.23606798 2.23606798 2.23606798 2.23606798 2.23606798
 2.23606798 2.23606798 2.23606798 2.23606798 2.23606798 2.23606798
 2.23606798 2.23606798 2.23606798 2.23606798 2.23606798 2.23606798
 2.23606798 2.23606798 2.23606798 2.23606798 2.23606798 2.23606798
 2.23606798 2.23606798 2.23606798 2.23606798 2.23606798 2.23606798
 2.23606798 2.23606798 2.23606798 2.23606798 2.23606798 2.23606798
 2.23606798 2.23606798 2.23606798 2.23606798 2.23606798 2.23606798
 2.23606798 2.23606798 2.23606798 2.23606798 2.23606798 2.23606798
 2.23606798 2.23606798 2.23606798 2.23606798 2.23606798 2.23606798
 2.23606798 2.23606798 2.23606798 2.23606798 2.23606798 2.23606798
 2.23606798 2.23606798 2.23606798 2.23606798 2.23606798 2.23606798
 2.23606798 2.23606798 2.23606798 2.23606798 2.23606798 2.23606798
 2.23606798 2.23606798 2.23606798 2.23606798 2.23606798 2.23606798
 2.23606798 2.23606798 2.23606798 2.23606798 2.23606798 2.23606798
 2.23606798 2.23606798 2.23606798 2.23606798 2.23606798 2.23606798
 2.23606798 2.23606798 2.23606798 2.23606798 2.23606798 2.23606798
 2.23606798 2.23606798 2.23606798 2.23606798 2.23606798 2.23606798
 2.23606798 2.23606798 2.23606798 2.23606798 2.23606798 2.23606798
 2.23606798 2.23606798 2.23606798 2.23606798 2.23606798 2.23606798
 2.23606798 2.23606798 2.23606798 2.23606798 2.23606798 2.23606798
 2.23606798 2.23606798 2.23606798 2.23606798 2.23606798 2.23606798
 2.23606798 2.23606798 2.23606798 2.23606798 2.23606798 2.23606798
 2.23606798 2.23606798 2.23606798 2.23606798 2.23606798 2.23606798
 2.23606798 2.23606798 2.23606798 2.23606798 2.23606798 2.23606798
 2.23606798 2.23606798 2.23606798 2.23606798 2.23606798 2.23606798
 2.23606798 2.23606798 2.23606798 2.23606798 2.23606798 2.23606798
 2.23606798 2.23606798 2.23606798 2.23606798 2.23606798 2.23606798
 2.23606798 2.23606798 2.23606798 2.23606798 2.23606798 2.23606798
 2.23606798 2.23606798 2.23606798 2.23606798 2.23606798 2.23606798
 2.23606798 2.23606798 2.23606798 2.23606798 2.23606798 2.23606798
 2.23606798 2.23606798 2.23606798 2.23606798 2.23606798 2.23606798
 2.23606798 2.23606798 2.23606798 2.23606798 2.23606798 2.23606798
 2.23606798 2.23606798 2.23606798 2.23606798 2.23606798 2.23606798
 2.23606798 2.23606798 2.23606798 2.23606798 2.23606798 2.23606798
 2.23606798 2.23606798 2.23606798 2.23606798 2.23606798 2.23606798
 2.23606798 2.23606798 2.23606798 2.23606798 2.23606798 2.23606798
 2.23606798 2.23606798 2.23606798 2.23606798 2.23606798 2.23606798
 2.23606798 2.23606798 2.23606798 2.23606798 2.23606798 2.23606798
 2.23606798 2.23606798 2.23606798 2.23606798 2.23606798 2.23606798
 2.23606798 2.23606798 2.23606798 2.23606798 2.23606798 2.23606798
 2.23606798 2.23606798 2.23606798 2.23606798 2.23606798 2.23606798
 2.23606798 2.23606798]lr0.5   iteration  30000 
KL elbo 
[4.61169565e+06 4.41221953e+06 4.50070006e+06 ... 5.21033104e+01
 3.73537000e+01 4.32517046e+01] 
RGE elbo 
[4534728.64560985 4292301.81852487 4238677.27603614 4228243.54488903
 4190953.4439493  4176957.34056803 4142992.6674715  4125595.73929836
 4110610.38116765 4095834.26827293 4068778.72581529 4065979.22929478
 4039026.30679748 4040056.65373807 4013865.41075034 4005316.98791382
 4002134.08014836 3970816.98215462 3985942.33939842 3955467.22764814
 3949256.13457763 3933796.68308712 3929077.15845549 3906953.36352528
 3894883.99634837 3878458.73660045 3868087.2874364  3856806.93681286
 3841437.18550021 3833811.54645255 3817065.09809581 3813999.0481597
 3799265.97455704 3781052.05522466 3774596.48331566 3757326.59987509
 3750003.50986732 3745598.62503259 3731481.41214923 3722660.41950281
 3709910.09202884 3692723.66940911 3681691.07053677 3674759.71396902
 3657549.71733629 3646641.70720475 3636647.33297179 3622858.96563748
 3614863.40812561 3602473.20401128 3592778.28796033 3578815.38594903
 3572344.92116459 3559768.65156009 3548309.89010749 3540277.77531621
 3523815.77392902 3513538.70877692 3505730.81892344 3490903.35775873
 3483134.36444134 3469892.72812701 3458770.27288849 3448447.67412912
 3437634.84173704 3426604.30503059 3414424.86025154 3402406.50087862
 3395497.59043971 3384657.4111945  3375653.53029713 3363418.07364342
 3352124.76207483 3343840.44612174 3330208.05918062 3320841.84078013
 3311529.87108936 3299355.55948774 3286104.64944365 3278607.78733557
 3266856.11230292 3256720.83901942 3246756.32198438 3236613.70948074
 3225246.32239348 3215400.47521297 3205748.98402247 3194025.72315965
 3184324.21978263 3174774.92392163 3162503.72956275 3154707.78928225
 3143519.51216759 3132822.85802368 3123951.57828061 3114142.32436051
 3102757.61945222 3092766.00055311 3083679.30174469 3072324.09902936
 3062583.48149596 3052299.64994732 3043587.23069276 3032825.93953725
 3023787.86044848 3013180.82150155 3001949.95490494 2993431.40738304
 2983112.45455279 2974509.76309001 2963581.74821595 2953927.9622985
 2944873.7463144  2935208.07501236 2924319.04131492 2914669.4188596
 2906032.7081622  2896112.49916107 2886284.15322388 2875651.37567454
 2867018.74488548 2856657.83448917 2848604.68335693 2837363.62449616
 2828006.3539864  2818891.84495916 2811074.0933891  2800879.07420545
 2790606.21912291 2780851.59252058 2772820.66006459 2762298.64683991
 2754476.81960783 2744773.42318558 2734292.48824477 2726977.00280977
 2715704.14087144 2707706.02875484 2697421.21931018 2689229.28354875
 2680911.76812038 2670862.03268584 2660679.65204528 2653390.34641301
 2642442.83265065 2633794.84146316 2623904.95089835 2616281.05447153
 2606911.00984896 2597180.28592149 2588283.93692765 2579200.91063364
 2571453.36026155 2562210.89381991 2554169.34271354 2545204.39511067
 2535110.85997515 2527190.68343489 2517801.6827391  2510061.65645194
 2499912.93539125 2491333.28758151 2483565.51272409 2473876.97030752
 2465117.19407641 2457265.92348742 2448198.40271098 2439327.11635677
 2431037.76857916 2422250.75591598 2412897.59510122 2405692.82059857
 2395362.20163634 2388677.12381777 2380029.8315272  2370183.61014627
 2362544.3632993  2354581.40903209 2346054.99069648 2337755.57772006
 2328496.91611056 2320749.79346328 2313351.13879451 2305635.49115614
 2297912.17674309 2288551.70719662 2280786.35734748 2271312.4536848
 2262436.56059155 2255268.98115998 2245602.48482763 2238814.44960615
 2231308.8481823  2221608.44165047 2214964.61114499 2206100.02204286
 2198723.53573339 2190061.303127   2183010.47394928 2174878.0879525
 2167200.7907631  2159205.39135828 2149695.75134407 2143077.99996138
 2134388.55805533 2127080.96739272 2119076.62475488 2111779.47191593
 2104282.96819238 2093873.3849863  2087874.96269422 2079450.42972315
 2072424.78725371 2064881.93986364 2056574.60847085 2050468.52078239
 2040673.52932501 2034389.96002596 2025251.30872017 2017395.96019302
 2012003.93880396 2003838.17749963 1995418.88837293 1989949.37445227
 1980452.76375133 1973474.04990709 1966773.70925047 1959516.9153056
 1950104.03109405 1944469.1072617  1936873.09434049 1929060.12338392
 1921982.97885471 1915404.44184388 1907146.74846322 1899850.63169704
 1893147.40775911 1886063.20799345 1879534.19884474 1870782.4710719
 1864201.29608562 1856346.47644798 1848983.39291716 1842637.03375313
 1835715.39881488 1828022.10105957 1820317.20882177 1815030.17511892
 1806938.60041753 1799407.19014183 1792969.09586254 1785194.07590553
 1777443.50524268 1771610.75806492 1765340.5533052  1758071.42251249
 1751280.90225905 1745108.41690237 1737515.12364945 1730162.29302202
 1723364.94813953 1717669.36734364 1710394.09561048 1703449.85083286
 1695268.32806531 1689386.95261759 1683013.74678461 1676995.93829922
 1670856.81180695 1663159.85055966 1655914.65258565 1650891.54468508
 1642555.6909277  1636568.00073978 1628845.94392808 1623431.17515354
 1617542.91134948 1610376.13390978 1604305.71006259 1598146.17598996
 1591320.82551553 1584624.29571675 1577099.55692041 1571731.1595757
 1564549.83006179 1558804.22884051 1551218.61283875 1545674.67866698
 1539837.09442175 1533538.28228307 1527283.40922043 1520494.34413319
 1514926.27170252 1508448.9652713  1502087.8791824  1495110.54501697
 1489591.39289335 1482918.28256467 1477766.87422256 1471450.15941049
 1465077.21456216 1458368.52057026 1452541.93327067 1447297.56742135
 1441334.6097024  1434466.59937235 1428239.3646412  1422410.83720553
 1416302.22075062 1410584.90872098 1403921.09982068 1398232.88113779
 1392896.51886932 1386645.15294122 1381777.15120581 1375041.29653444
 1368675.27948226 1363603.89153451 1357473.29943339 1352280.78763225
 1346089.96571387 1340202.94295126 1335530.15502637 1328369.6080602
 1323393.46702315 1317631.79194461 1311396.45459531 1306304.22854407
 1299406.72356866 1294586.54155529 1289323.30236729 1283579.42920742
 1278090.10634153 1272484.48748473 1267074.39995007 1260771.72317416
 1255676.9507093  1249639.6006056  1244847.54411385 1239062.25043162
 1234327.17948905 1228427.90651957 1222369.64941163 1217732.78390511
 1211858.39821198 1205925.4638789  1201592.05737213 1196906.6327564
 1190126.91203591 1185324.25334373 1180291.72007118 1175271.19085223
 1169638.31921396 1164531.94990459 1158898.37223739 1153484.56380654
 1148624.10483166 1143183.87545362 1138121.13710154 1133392.36362337
 1127029.45203279 1121722.73817815 1117471.37719451 1112327.82463498
 1107400.00035732 1102131.54728961 1097351.13193833 1092244.18304338
 1086798.38710149 1081531.32830907 1077975.36708643 1072418.03787817
 1067964.79918224 1062079.39019247 1057927.3709931  1052163.69554036
 1047732.22128748 1042015.81260505 1038096.93322675 1033499.19512958
 1028383.53774792 1023630.96623018 1018507.31320545 1014030.57603199
 1008139.29425147 1004177.27231528  999130.50499238  994815.0462781
  990449.17540866  985993.85246604  980613.40448727  975691.59650574
  971936.4889597   966349.563222    962444.7119418   957460.44543831
  952858.27303784  947839.04285511  943459.18569854  938815.95475029
  934689.56807045  930362.93355211  926199.69746877  921349.99270804
  916443.37794737  912360.15906696  907650.79566568  903726.6956294
  899082.25843876  894994.21113096  890153.2543573   886006.27675844
  881599.54378651  877057.72195896  873110.26620592  868477.12909672
  863992.13048766  859704.3070611   855807.86948572  851538.10465516
  847124.85565154  842856.81247633  838804.60351944  834115.43455575
  829906.57348332  826028.54979418  821550.51788851  817672.92955269
  813861.49561261  809913.77574961  804743.70676128  801971.11617947
  797210.46964439  792994.67791097  789435.21468854  784800.48261782
  780790.72608303  777338.16855847  772062.21816515  769131.3498785
  764953.13092479  761570.27733434  757280.6815955   753238.83932978
  748939.04132015  745001.46826676  741902.89793213  736844.38793072
  733619.49617845  730282.76456078  725948.72405673  722656.57419774
  718073.62748341  714712.85548565  711215.57174845  708064.33247618
  703969.78308467  700414.75749389  695496.43530401  692467.57496932
  689039.05716259  685143.8200485   681469.3614763   677291.90681489
  673653.03755398  670663.64848362  666859.82347068  662842.13600364
  659782.46765081  656214.16369306  652549.38640385  648779.22156855
  645874.3039736   641747.60193644  638796.52947376  634390.96564872
  632602.24410919  627517.47638186  624366.48153964  621277.50012486
  617475.7840634   614599.6029855   609929.01623064  607443.6259131
  603965.47177872  600483.6493698   597311.34476852  593767.22931332
  590043.11150001  587442.96385118  583767.82478258  581007.60917998
  576834.26000263  574033.00264754  569992.0458964   567506.19215858
  564046.57081064  560252.57153034  558096.94562633  554397.27691984
  551070.01145449  547838.89472262  545205.44093058  542378.20778177
  538575.88501333  535911.29155267  532421.25410583  529462.69156574
  526005.72313574  522759.6516777   520242.01879897  517273.39426046
  513922.62654301  511220.87343695  508075.91168996  504977.98215877
  502716.22538398  499267.16311183  495638.7974336   493341.23199362
  490333.02565618  487500.74272837  484996.44588587  481469.78496023
  479081.82354317  476097.43322414  472727.5165233   469835.57466458
  467450.3549473   464698.28597657  461892.16558291  458560.80416862
  456058.88785314  453004.13259018  450375.77978892  447408.25824823
  444913.46639043  442242.54047517  438954.03579426  436571.1811072
  434179.9174237   431509.93530255  428810.6260477   425984.07919733
  422973.19663759  420532.93224086  418352.68000821  415106.15174992
  412860.69220853  410360.5237156   407019.18165952  404902.10961724
  402475.88544017  399707.85962712  397173.37419935  394950.75032951
  392161.59287104  389635.04718674  387429.18707552  384223.46221547
  381863.50546761  379957.17696056  377347.78441497  374468.67395124
  372434.49173591  369696.52401422  367196.94053311  364922.9593242
  362438.45699449  360053.44979712  357313.09199301  355184.15898747
  352866.60248107  350534.94624764  348486.59507647  345893.52392809
  343809.67844981  340948.12531911  339319.18018199  336632.79385959
  334431.71263876  332394.25451862  330082.99999771  327143.73677206
  325549.72744643  323436.4240309   320932.4014385   319002.63195824
  316773.26865344  314147.08675812  312495.41091735  310202.29696672
  307956.17176471  305893.20377216  303729.30570399  301970.33260505
  299258.33861918  297523.57395794  295554.2623489   293588.48799298
  291115.51571652  288450.80139841  287508.57654763  285128.59919324
  282777.92282472  281319.12569272  278943.54985297  276839.99420256
  274952.79291469  273034.1229414   270756.48475979  269206.06282727
  266915.31346982  265258.18077069  263510.02074004  261167.85788835
  259580.87688089  257901.7070527   255625.21563795  253669.63060074
  251815.79159238  250061.91510754  248242.91161725  246251.48675716
  244699.08382202  242452.71766135  240691.16099384  238919.69914899
  236675.28494634  235062.84925581  233422.90571931  231518.7489045
  229671.57108221  227927.38378771]